660068
831031
345128
116613
423768
940596
195140
167228
274905
20488
760551
9762
393778
710927
497457
667033
393473
275726
519039
490456
877974
358468
827084
269726
785663
306854
836742
404494
879986
332911
183211
219662
996794
558670
76416
592648
655483
169094
497598
608409
116817
895805
550375
357280
399911
442017
860225
777110
69720
235269
199760
632956
457434
118968
743979
938723
439977
924684
223900
215843
587690
234478
540687
328537
404569
503964
452289
804504
674458
46642
964680
213220
330266
929718
761288
139592
992508
331512
899242
934237
993704
150388
9681
475618
353474
673079
966670
589221
567189
640764
568197
172811
766467
904308
749974
618874
373683
359135
458964
377539
292231
300190
370613
746383
45271
676612
466184
996474
41979
878896
166179
730482
708473
627532
59294
474031
434230
92241
527031
817490
13807
603573
462668
528421
621996
263353
382441
356877
378549
759917
693858
63070
373852
860612
613549
171333
780815
812382
317985
934891
790981
227535
17032
497531
241209
663058
965950
176307
902992
787767
535991
558585
114095
778456
39486
216391
257978
966799
656632
594564
873388
45554
971011
103095
679009
289136
767077
298221
646611
745750
80564
692922
524692
988616
721422
975298
48141
704444
335679
471824
661643
595252
685951
150720
11013
655581
462555
903904
385890
691972
66638
292509
320591
391852
499896
485537
386405
588394
299662
610546
72538
368088
89974
604640
459105
949699
785475
305715
259947
261375
354922
728045
809464
204073
638918
13553
839846
856587
902331
256632
784873
728052
432639
41226
649341
126624
877197
925743
371541
814386
761853
914065
405546
650222
715296
999438
836058
452999
53
170556
93870
50992
313320
215011
213556
163276
182435
196245
978606
604082
790604
921946
893040
159366
891963
487682
58992
843071
70219
248869
480158
677217
692883
61174
767578
981222
194803
587154
863648
909041
748705
783320
920208
468409
653858
730529
154466
949077
533068
21847
173248
614765
160372
333723
488314
287843
54994
546591
951703
695355
785493
272581
292468
188643
632798
250953
326742
648928
993631
744206
597804
443770
822937
252855
112863
537912
448934
817058
51649
406575
431842
252240
700392
361274
324169
322040
957752
981559
799309
875947
362081
633524
626430
546343
326
416670
285711
210925
345510
363721
113187
805220
449133
740130
169064
313280
857612
476730
350507
139658
202963
472395
25318
350720
835528
226309
318836
532260
20738
811121
976824
598655
131495
353503
826541
131134
583150
61321
469137
21302
441735
780913
537915
546004
219125
158164
75930
818665
19417
74088
236131
680571
121637
494311
792864
364939
548664
695483
772661
283250
577177
212012
860335
664260
815268
401528
87961
93040
668818
735418
769513
484093
890930
765329
28437
759855
470243
805544
165523
569596
470199
124231
46217
832033
75691
692877
427097
705165
992478
484859
785322
182201
931037
616781
95108
376333
977592
422957
998018
877864
954897
262269
904820
13324
124589
715079
648399
841251
858390
350656
145910
493171
381961
637716
986012
880243
979920
588032
339386
469464
422259
994186
209532
479344
435832
355196
917143
775051
289051
337313
962970
97491
470508
867558
902653
120274
895634
688390
187693
942469
472757
227856
477837
681740
352643
286933
382112
781079
757352
529428
388548
347055
551671
290611
7366
201248
403049
970664
89886
603994
608152
363921
175749
512975
444981
950316
812457
683341
347016
480528
165817
445278
994772
862913
203546
340048
215269
251922
753582
79944
350697
73245
767253
922948
274718
16401
447096
331239
502076
642429
266526
924491
766986
475368
941860
871486
619997
663494
870265
915017
535683
882370
316856
473399
229290
291107
270660
651304
104747
476859
82585
839856
968374
31053
335238
92245
329685
425858
798251
777961
66642
351278
828060
668714
502087
544211
510031
238661
830740
54034
271315
894999
948313
812770
378800
255192
537672
88913
355574
320523
855508
100875
813828
695281
681357
366391
801079
146772
432845
821420
173604
850059
264841
329136
355258
784603
499835
590015
611553
123002
652495
417942
988539
133585
106835
311106
10026
189863
957673
299002
294837
69663
682710
564775
950070
555839
893651
263829
169621
531668
489496
723385
136881
704896
90278
329875
232159
80117
711971
888546
540347
366475
643820
461835
103602
121298
448585
449604
560722
250470
434400
422726
120636
52151
389087
592759
196280
776186
81619
151153
430342
279838
954261
491512
335018
865034
810970
904074
334917
400161
409088
995914
205664
119781
440316
846614
40978
990572
429916
700652
350857
841135
920315
135945
885718
750378
402115
455005
327327
555717
229539
520873
894860
826368
15713
909310
708919
483144
581109
21405
366067
648771
872251
634953
49178
998541
555200
107949
44050
501661
845035
849865
86047
273138
954958
203823
166895
685122
819400
329166
788535
961810
320631
75973
35115
156313
842648
65089
826390
631061
778994
995740
534028
905336
694300
451765
784998
706493
216102
302411
563042
705145
581570
729939
560919
916305
159745
39693
520644
164831
754481
256153
638810
675562
295396
606654
218823
330896
212455
41559
535670
43612
680321
697015
456789
28463
726635
922412
100572
659345
857684
154100
658077
441516
30340
112700
584513
318354
407793
666448
499249
203351
99926
647668
555499
982283
186140
948027
172999
443362
583505
561643
713770
10173
158498
805814
175269
164626
254246
192552
860942
986671
66271
495450
961852
417261
515800
224689
779474
808958
671696
608480
644683
410643
113697
24826
580169
344651
212575
350841
392496
227125
154802
589270
806556
685570
493941
277789
386152
154143
754591
327299
454649
908255
845025
440284
455912
628502
871989
899371
733079
677974
991750
825676
692970
200996
771469
690410
725502
991764
463174
742732
11176
438073
667493
242388
216891
694061
963278
822813
641084
310249
774995
330326
786530
666537
976564
765295
811880
792941
139490
894703
727897
394207
80007
653542
536376
12720
732448
556474
751669
922040
176715
930406
568528
267891
407476
220273
421630
258880
916224
599379
327684
618025
156170
689058
290884
123606
993180
892764
274588
351436
821188
796665
322724
27418
993354
653112
987611
274467
661319
956611
726128
408116
878781
252067
450137
207758
87444
849730
159790
861394
988489
583925
526500
928933
994228
426571
897192
128928
16600
753911
599697
296360
318064
629371
693753
219487
697914
822314
527064
577731
883748
604186
755109
71499
931894
796437
724932
87442
649555
225692
253221
868413
567508
658383
226575
322280
483458
63482
786804
751062
223441
25089
753215
947099
379209
201528
235039
466497
863881
513991
420012
694385
613357
414934
978513
623044
311666
835417
293330
335888
712912
493707
281101
850041
880697
102828
484380
880155
869045
584865
784548
540865
241
982120
902320
812588
157687
215049
686006
778825
68265
19257
490694
668285
686355
875532
253645
282996
16082
679900
533741
315427
450937
340581
319224
785896
903200
625770
408364
53066
251131
366066
925293
18105
204931
145876
460118
164414
845073
809333
839360
210529
24519
960380
501279
762269
652722
608953
271285
143055
819181
736368
666468
664627
789332
576484
531320
731006
752037
240712
159520
672363
389512
814837
4972
625143
679205
351359
11053
740946
355482
359506
470350
794137
506568
677644
714329
25079
705264
789202
724336
470671
466995
939749
589278
253815
236368
149881
306729
95615
522733
853995
63852
983239
450340
406049
62272
153253
163412
381787
96805
827836
633068
459159
472712
607928
996540
292090
306578
470361
812825
719882
991668
335399
285144
610177
148338
171006
529366
88520
121620
129333
561331
268873
673332
124642
568026
829325
47484
656860
415779
358742
999066
75392
890905
382802
511906
703100
20453
636560
712867
260138
31374
163782
822365
195189
162246
528637
675869
706540
3739
232247
10400
788287
264681
824317
957402
711617
969826
310973
448093
716141
537890
111101
864111
938779
588930
142897
459570
584184
615779
112032
618491
112625
651421
601463
90677
793086
842792
14516
47868
769816
614370
937565
433583
469083
736866
141502
148422
437189
948517
383161
367741
18589
649376
622546
115188
741862
315883
77890
780548
636722
635048
296711
286123
219040
511111
568945
618208
448542
358012
446278
17379
147366
80535
935370
336381
831861
6267
767762
54509
277872
249926
599927
98630
813401
262968
427190
296439
764740
923784
391775
520356
179735
290635
426861
463006
484498
297421
69628
828269
351118
91255
743565
587761
916540
53131
65318
900729
595890
210020
766195
384112
870012
18665
683622
461755
246889
822904
908926
107582
12969
562263
554276
16116
559209
703369
76997
945340
887869
587628
455759
416959
257066
21932
924607
351067
579269
217647
331405
954292
306582
135547
25558
415930
684084
491041
467595
43054
954094
61893
229719
145499
670218
888606
375439
203856
293904
999723
239372
342516
769409
913144
264607
762405
33427
420994
569204
738187
831242
994624
571256
524907
516153
176856
369013
960549
80193
702463
707648
239612
856254
62509
475199
189395
454454
233709
33918
807460
635668
451398
204548
975476
234877
542258
163130
26376
525453
532756
1609
683252
881346
80252
562552
528167
224845
860951
48483
916133
141146
627933
699443
661587
863495
819322
787438
923071
940271
405498
829790
526208
393933
744637
86313
209807
629310
12078
983492
961076
305563
102731
327620
809435
624917
41739
986974
339862
398823
594858
633969
32869
730441
557387
876853
930067
68717
703366
888733
820857
755741
816019
558100
986078
122338
750448
47561
81978
852142
934360
176580
239345
781981
517689
161397
765876
909312
278000
373291
143260
14580
651190
365499
690903
992466
358882
626864
536119
389452
46075
522702
137556
137400
14742
139294
425784
519456
981565
542919
427182
490390
931116
906851
411612
890803
913997
14598
1446
710147
957944
804036
155349
394185
732293
409812
962010
157089
256344
60790
401789
743496
482837
305051
823600
114769
488856
557145
689193
769164
877036
85678
774884
466559
370181
604940
320562
612645
208774
910718
389401
490435
573771
165547
344336
410541
195158
911609
854094
295802
379042
693032
693332
497062
784185
981366
617762
780901
305968
251830
506918
116260
985801
344279
43408
754949
264828
401216
105999
207392
390135
478528
490252
307191
796838
463346
307294
182283
276127
342043
288152
420718
710492
988420
361566
133156
972955
385061
72887
525944
480522
741271
970221
4186
823876
179458
310158
24411
601471
52504
134897
294179
380449
389864
647293
170876
346271
228605
233955
646585
740539
175367
28754
759835
553412
649653
887447
403568
136162
403525
366571
504538
7427
464774
526211
786344
59284
624656
57923
189155
29280
197760
639483
983946
31158
994581
592108
898775
640526
281428
529233
305603
411367
814356
674041
396552
309056
134505
500605
935630
675803
61607
836536
489587
226091
261131
450825
460514
72393
745326
640713
928528
256492
66199
120538
676013
981582
66720
95295
94090
209422
983048
834934
956961
49406
430634
548731
843992
740691
772325
422258
345057
201599
963934
340846
563616
315270
702882
690550
245618
697329
534119
809369
175443
192006
756825
72350
955552
898176
908144
481115
2049
342268
385299
208283
476794
41064
104566
398069
281595
895465
577866
129612
191234
700708
369944
327289
169139
382272
165388
763131
824731
642252
924818
258123
474559
775039
146605
147560
779229
353790
384201
88247
515427
404359
963202
445346
472615
193972
452639
802070
257360
703383
955446
965495
187532
915774
802647
271842
207485
572638
627715
242802
143861
581937
409174
955544
781571
356159
809437
877260
988916
51554
3357
461153
75123
609435
303703
722175
288816
564790
981072
782562
86335
703854
844605
666491
130610
691131
107133
133712
248887
728336
130396
667720
910486
784703
827231
958126
753470
757355
633676
194562
780835
605205
586883
128659
548495
150995
88373
747010
733782
479040
54968
486688
54265
978957
116550
333920
782296
599855
863835
512264
17125
956432
313957
396828
701208
461772
406892
700695
137276
197464
31587
118005
621706
685455
963406
92496
633340
595252
550171
830501
485889
657556
312469
881093
526629
557438
399656
419677
632567
370026
649433
975632
353374
420381
190040
373754
875011
309893
539300
227482
102825
832639
379484
966311
577724
426643
315967
718238
596924
820987
359637
725719
408425
147158
411439
927394
740993
321667
136261
616638
299697
865576
504851
719075
962839
691890
465584
582409
879724
650297
179778
792507
656059
130662
944636
586799
816355
891883
357903
276883
635405
266725
330253
595865
138568
986021
124440
331383
573154
115737
694255
263100
174311
561074
406970
379638
360589
207990
118377
172060
661432
671010
947640
401400
876260
136900
132337
211441
983090
794227
68790
926857
571011
346283
417534
922747
445477
242751
663694
9439
243565
875798
176914
635797
626153
772006
423813
934576
558005
707632
823551
303140
382834
337058
978475
726724
908799
440206
678775
308454
396181
910016
396407
628898
801904
823248
570605
733128
234061
724317
411421
200950
357585
947663
569465
403563
750434
756785
967616
407466
866195
397202
896076
922776
666704
471308
218926
595078
94036
222193
223751
916679
892151
539365
799423
97097
184438
668899
661652
27984
81114
554227
106387
197976
23762
88577
467163
584067
52143
52808
860244
783879
456491
575094
142920
259287
666529
707332
200000
337379
862076
407465
966355
173439
200822
556732
141011
302740
101798
364496
808653
701714
856498
647900
529788
287671
175999
861301
444859
957200
460261
164801
951958
594238
444521
834349
348903
694347
511032
993404
329661
82763
441085
413171
960802
907035
12422
347013
969504
499322
453921
679359
569968
256980
564491
646598
888731
707387
394416
851100
1260
634586
499930
34360
595
438665
797674
881510
22556
673011
920378
407889
729352
328779
957300
782766
566303
992688
468667
746558
302493
346112
406366
947798
856532
323180
886743
769111
212984
60614
13161
427055
16980
360174
773584
957788
432620
441820
176865
652454
551184
255840
722328
568570
170697
675430
245366
816615
205418
993811
845220
905445
302909
358967
793689
70308
145746
192798
243330
329516
140417
218482
438292
736192
209670
972087
143147
75433
830942
178176
475682
208596
229030
286320
330826
889556
697913
310332
633886
592802
419520
935083
774730
70844
669924
892096
657564
125959
266846
321832
31441
413603
433604
743311
120640
158996
997107
846717
729243
62832
199260
495656
213933
602253
580165
799828
799629
883766
502802
917515
67885
312203
638644
950860
43844
869949
883897
699304
548089
174864
456582
593363
944731
333528
686555
297464
903358
879042
367871
19032
993406
34471
485172
962936
88331
997317
97453
82061
848674
963448
7579
626600
705170
156032
183477
952652
918333
235336
773877
537538
771281
643251
318885
283924
207363
381758
688667
661915
686318
518323
54940
956395
335723
11191
659803
713914
771846
689225
140567
146262
213339
957483
219179
605575
333586
415511
685353
694657
643751
363752
748333
163215
519022
423424
162092
388048
234400
124965
543255
109528
340638
575279
677532
590344
350858
60010
360433
172003
887533
691857
531471
849998
96751
97710
479236
727565
758312
570825
31507
356998
504119
936666
7698
603620
54729
181167
419631
954103
56853
998077
90142
966160
722897
193274
359160
748096
200786
442112
156091
895052
360003
785434
621590
933653
874922
503093
920858
383128
172931
971012
82722
185180
339926
271786
293635
452331
106490
501458
416196
937339
460194
184570
352660
480026
500354
943264
72574
456404
145570
86104
976193
975082
661582
129996
488306
812470
444391
815778
736854
548150
941822
964530
161365
135559
137464
491795
771215
53487
738358
671775
931074
472510
285685
710071
670802
970044
521966
241786
40072
417274
346534
151050
391422
985683
63381
816608
68094
272996
413856
828837
210491
210626
559437
418650
972966
482476
270815
919782
46598
607414
440994
714692
611741
981506
863691
584164
421750
517121
207262
66915
428331
77078
830616
651378
697596
883942
603234
4846
457676
583215
495180
142566
502546
807411
447000
658082
586861
434386
799625
392603
277391
517023
616584
72576
600753
36257
451322
653758
863627
186518
386374
677696
653444
2666
454900
222280
992358
284295
289490
679354
458783
840577
81728
430567
462550
524344
182249
87706
708744
298857
797560
398321
247572
494316
786964
82206
161818
521739
692559
276073
397601
444633
61580
23965
465713
390996
47700
282315
325200
898743
848008
865655
271584
507372
912569
900360
121220
876120
290093
693751
856465
155907
21274
130861
321318
33819
660211
762723
136519
260176
571508
980668
420794
91889
263476
792689
263311
198557
39623
125464
941482
922356
369998
751831
620492
228070
583487
274836
197116
262049
917247
644078
509760
566548
452224
712230
655003
839545
812729
462928
632470
46416
899708
782340
346062
239081
103602
937205
22540
370101
751248
271201
152265
821033
332506
739392
394384
214380
174700
12072
882320
290093
655112
875865
878727
225446
258272
140471
638603
727059
575773
802961
116156
926380
403127
97064
879335
844704
882650
891161
979245
771740
535451
97415
245617
767899
572642
874431
353423
444629
488890
64262
4850
760669
872470
826555
554056
773583
283619
257788
530472
94096
357764
551415
721728
552656
973350
468712
236265
755160
142768
653118
797353
977355
803100
401815
382818
65688
439910
560598
993441
462894
114175
25543
903218
786190
544412
17148
606413
417688
171852
665079
557159
471682
541842
386993
796318
82520
976525
897507
495451
876238
956696
921863
211101
518371
432847
280034
858938
625461
367550
681914
94359
308510
142920
22403
591938
700338
804854
3281
880305
726736
15926
257969
422682
70895
418171
875592
777842
397772
740022
609953
183933
94047
174845
274235
306335
805299
716980
443862
723960
891992
575442
652526
645739
16433
342250
344124
405142
719346
560644
269584
731586
232583
412095
402394
292389
273004
523265
546875
64478
270732
217032
650138
520591
915154
984820
71327
578572
617005
225817
779040
228320
670104
608118
479810
761565
788175
662418
556075
259867
394034
385718
490980
203597
418540
440329
897682
336643
682718
67068
629475
249603
86569
349244
902329
131061
154672
597618
995288
85758
969101
130113
615448
295141
734630
843720
990522
845355
544789
619077
724231
902182
135468
733813
727467
545772
248696
709306
199684
497807
420365
23878
932271
900836
776965
839495
439925
330746
42057
252977
192226
562772
492972
425145
205311
625776
339701
275486
848899
592455
693338
945094
367546
78434
967089
206578
726760
278946
317030
151335
12933
906260
762826
467228
734074
356928
248633
192645
898642
477060
230273
332958
423300
456215
58624
506996
14991
693361
731939
532152
382753
158418
399984
825028
499284
164414
184210
824169
526366
561562
485577
960463
9455
790061
417541
622484
654861
174117
323994
279227
813241
119686
196287
99077
712029
444712
967414
47061
115306
275013
504723
950396
942585
944296
711579
577831
911686
476658
689488
95319
406537
902046
571902
383361
252096
552989
420777
419587
80750
205872
872788
122069
510457
760932
775044
458902
499240
299739
943867
404804
54003
973083
267699
875337
58679
986797
570238
316965
408215
732619
636193
718030
730452
172602
589809
232728
803495
628882
418000
529953
341156
61287
291236
470222
44242
930603
854374
865730
969579
460537
321168
91479
882188
334570
58211
603782
435763
959273
438642
407103
322305
459011
820204
415013
701035
704446
104252
342593
856975
384604
444626
90638
200292
996733
9766
264415
189302
108852
142141
101445
239491
849024
866347
873622
750737
364523
222411
757557
300947
263501
827412
119674
588089
323077
458626
696774
565136
308265
903533
270467
675735
948758
503671
235637
466317
896577
718846
33877
26359
776440
599923
20764
226864
228232
442908
644124
276172
26813
98595
878916
87625
929198
67684
541494
224547
848667
8224
524970
210041
606066
989472
286993
661370
322156
382309
681117
300622
179624
215095
68195
978609
660829
674701
749161
900043
153076
759447
981352
567230
332780
694234
665021
729742
333648
746770
743316
935162
839622
593304
610672
553564
9046
110756
424113
402218
784584
853097
822241
785511
376407
895639
127653
248895
186114
650187
411409
921007
238767
43729
248686
162791
459522
728900
709456
132901
609706
402175
612965
59618
836742
668627
517423
650305
25781
691106
604011
199046
230619
795378
993426
782197
125420
293297
733402
638495
683129
527593
958477
256509
630979
164389
45880
637478
462019
909226
953004
63642
439526
323423
472152
542650
423175
907813
69792
456813
643317
50389
546497
304180
617797
323937
426773
524799
344968
778470
242998
139483
174342
722218
191314
236735
298184
531418
315157
97103
567656
733248
919714
646900
720935
628647
490854
421488
525404
440265
625120
218013
934340
417062
529685
156744
786740
577665
441709
416731
952262
858651
277247
725588
890272
155474
962805
48878
848659
472743
615919
342589
153213
58950
426973
944231
622583
891089
247574
556757
336408
516057
53977
783059
825637
206257
35379
137859
53196
735404
960363
94570
655673
362492
893321
924175
475804
230741
930334
515552
458974
648868
232023
632753
759509
875830
326261
813980
639005
777266
664208
389516
83686
454957
832835
314257
358431
758893
23782
22886
667112
397914
480195
733595
51530
795929
983903
924530
272801
650702
727681
620774
48866
482463
953887
198415
425427
50789
529073
174367
932229
493358
541624
640430
243950
69168
674469
297337
121430
656511
618945
882824
786135
874525
689183
964758
513953
425407
209307
611717
828064
172130
159104
184419
347181
214536
558030
51789
560068
708023
930860
503818
231637
734778
580673
479835
595649
939598
285965
146580
167421
441026
880613
54287
885935
407356
398645
654922
134100
341642
921693
464938
538932
186330
309260
890798
744589
176077
885196
832889
747477
15420
537118
447606
28634
257787
943619
269337
387430
678141
772824
75423
408063
934822
993901
933375
255286
455556
287984
148673
471984
386682
732498
975206
299342
526574
646329
445965
980257
512019
601526
617222
177386
41040
893622
621417
118976
851377
109313
516973
677942
236105
379326
42709
829015
445392
293725
688008
427020
580225
228850
396930
121694
370856
183232
358778
691597
367120
399247
473969
393419
443013
843329
155845
167201
285379
260701
332848
109421
465265
943482
969762
255087
752388
340716
827413
405327
702752
562860
795181
942104
307657
224624
988252
135204
265325
353302
856359
825238
833500
432088
154976
176157
693682
194001
615433
846967
388448
841851
755993
524705
76238
6822
530601
230652
979928
619666
539511
733875
372737
331212
149452
215045
33379
536144
34858
803839
458990
301627
814818
382828
322
287985
466772
405707
644391
155405
510046
932349
490515
363150
415574
601240
250588
940502
570566
373436
537112
731039
35184
370484
180722
711961
538717
647410
490374
190063
303910
986337
872191
270348
224536
223432
741252
591100
844556
330564
421191
650287
3999
967195
789760
752232
371043
758920
532667
767188
282497
740698
675177
668090
294470
216434
893759
420791
887510
370058
534783
870209
854628
804043
95537
513727
446737
985578
389125
334536
187976
16433
275568
833888
868647
571094
577013
630732
249792
31753
792316
970065
365607
818443
483711
699261
655815
997321
176497
118904
129343
541564
218160
165695
101361
735929
697410
518771
762850
557067
147052
445656
533597
700035
94823
994517
426886
261652
741266
97959
553186
54471
323498
930511
494350
505082
936994
427388
759109
512655
82094
168606
394876
551214
509535
525708
303878
646388
277816
857502
424364
258172
196
568962
857609
394693
176490
737738
97512
738241
837570
282320
952998
755588
558126
354375
455696
915022
168595
627642
962306
322805
641543
746207
128368
562571
484069
495059
204521
382857
183121
204450
987527
306966
447570
177690
927112
69318
359011
416357
975590
695049
317441
629906
414262
590145
258941
736023
279513
119212
636033
290862
866928
590272
178118
70451
148035
428914
172228
641758
164138
173672
737669
790457
343255
242261
160091
809408
934114
226912
956752
344974
19502
628523
735190
612401
449248
383361
196433
57988
41104
754245
946923
89780
702308
703986
510081
6763
829875
584580
727783
997928
914264
439157
533174
866151
505704
725213
841183
356851
971412
469019
430725
571372
862300
981460
684828
912671
568420
715918
166110
146907
935631
131541
482247
282460
491343
27875
798225
27429
594794
18519
590513
22758
862265
236761
838939
189716
390588
369188
921843
373781
454200
109421
424922
473328
277880
776452
885990
884083
494239
52987
534483
651687
600171
814192
870938
748320
589150
886082
844127
32851
11534
822585
422509
369889
631985
703884
580720
491387
891162
884027
351575
66121
171704
891732
331324
61620
269752
103274
612075
551888
957756
594895
206530
104073
276791
453693
781562
692405
572843
43907
438857
533623
173685
242035
454659
290915
738220
880838
961541
302433
185872
244033
351750
124674
439123
124319
453669
934594
414552
925103
166458
978341
88427
227754
594731
490041
952232
810146
147962
878571
178662
605238
810228
801793
89030
469557
802480
394067
120738
629342
886763
177023
322486
898498
796929
240273
908912
549594
644192
247472
43292
649271
834952
47275
969767
595893
498802
395541
182904
229465
313260
580340
879602
118046
85331
437265
180159
899168
916028
859719
93571
220775
228681
657909
926962
948034
843414
338873
170959
545360
578604
399662
113761
860524
291697
427648
792050
585318
497802
465125
536959
995944
245071
465868
823355
946890
986505
906166
192140
260777
53883
319963
901443
198754
530244
32865
423223
480970
816745
570299
841343
217899
354549
306712
407094
255418
632528
121373
494407
250989
526702
289166
841120
57767
447539
825663
525362
735362
314457
757277
485730
427808
251481
994706
905727
407101
387424
596196
269751
382873
326894
349382
374166
962580
120418
643692
598277
297961
923412
463503
776202
423047
996991
248690
668998
598513
506418
6945
205947
836789
552281
10021
895022
626945
791578
732933
180132
19292
276937
389147
113923
141794
265561
583556
283278
386580
233592
339540
513454
97246
20110
175225
681663
722290
509080
383358
209807
334528
230594
586274
393972
644974
743458
959765
900149
736720
521710
951066
78089
854895
400472
626307
301638
797624
270547
444460
194477
957137
750609
681518
765070
969717
379887
448999
177053
180788
732532
94694
763750
369909
763817
941003
340476
555091
158098
832816
738614
124928
340943
708264
685295
92894
70765
116760
218461
685927
979674
67956
505537
817288
783576
438439
939249
986564
905843
827865
159276
178858
790345
38012
994814
334243
680314
854951
415702
419787
966327
426366
667066
817734
478272
204862
236679
627689
963975
35626
672089
574744
356803
471890
38556
561719
309359
609127
796362
535366
320315
149256
618533
826642
210577
449066
74699
391434
565153
95857
865836
587556
584844
32068
868837
866309
121018
260765
330274
466041
560395
638647
609381
419836
12296
57684
86126
127377
250637
241939
84883
718279
268402
549833
341495
469483
237115
192067
43004
696013
621081
788883
481523
174058
925405
124792
14416
246199
461911
660745
393760
980519
301584
177266
533289
589251
129912
432400
588152
912722
482130
20944
849668
96969
924514
655894
750841
150912
307340
175018
855681
149222
573501
886412
373455
177590
827628
321014
483576
300318
511758
898425
828700
198760
795770
448459
765281
232727
416306
907192
783482
310325
256093
420111
699308
611937
919917
655088
736840
32730
338921
18418
172014
723930
504429
446819
755690
818472
199462
673283
613560
614530
686106
412941
117170
110382
165651
616910
372807
537257
175320
28712
447632
33046
490481
453266
962301
112016
463667
587793
955065
975051
35902
89472
258183
409173
582187
78227
786550
570126
929311
385630
873105
342854
191615
197892
189752
620594
226249
855218
10177
420915
148140
932891
114809
902275
860516
636727
157476
565975
150285
514320
816680
487948
577852
793798
826467
453609
665828
167649
625396
332470
807667
955426
643868
186111
840218
794204
108083
322722
516652
261247
469624
522947
56364
509223
243564
219093
989935
905218
110979
635560
493107
513383
364185
592160
37263
181366
562523
21120
352878
524434
224536
908429
900652
243757
685269
858179
313000
20334
695510
271200
451677
14424
918435
405228
100533
376471
602010
261557
304570
78984
335694
967367
421690
430127
200343
757864
858715
868271
738765
191294
708122
371575
461818
366775
556005
38953
158384
781626
40028
495506
828291
718796
584763
907868
589384
66791
434368
874013
598349
102706
842028
944824
967769
195217
959695
689249
268044
820770
944182
44812
268712
402142
83243
49604
724732
893479
690595
777825
1892
913938
166884
168016
727101
974903
234444
353410
758807
615021
528309
917151
467538
839779
369042
897592
90359
135576
99887
10053
487987
573448
417532
179473
50287
823312
114985
465727
999960
271196
155152
747376
598403
616881
124058
146937
501062
68002
822194
719365
712797
248611
821088
443407
43231
324696
647715
953097
411957
549687
969064
433565
477432
788694
493134
839054
879339
770287
270262
942773
30546
95106
357833
495667
846536
744260
478536
629896
396629
165521
269514
812339
439965
547516
488419
384359
330057
547153
702334
5852
954574
890731
734272
452048
526690
259269
434725
436528
474512
18895
661896
954288
216808
698381
465155
233971
805405
107132
793942
596931
550906
296683
901009
757006
957524
74523
883808
467914
273784
145378
100602
626973
319572
477044
978569
169043
965914
7289
284048
583295
605486
502083
877047
216245
576655
851222
675834
1262
258669
434216
94546
349207
405387
105708
628518
92483
265184
812916
857135
701567
100009
923231
23121
824114
15173
698561
305254
293166
357762
486389
631680
453136
657224
868363
620189
754134
524778
510724
897297
606014
853839
854225
739924
30974
235674
197898
606775
929992
443355
776411
40302
298143
977891
709120
941042
742431
453314
436968
851604
224437
679558
2608
159512
738609
744899
141685
455448
199234
964602
537892
774514
82916
943023
102613
99951
822660
718155
893006
63246
578439
894756
606867
38589
596043
158934
511022
134336
50802
478005
297267
632330
555788
303351
10510
908529
571682
545
499691
157911
190497
251873
832876
587168
145766
997846
273304
122284
355112
116714
123023
197377
512599
708135
878765
657049
853925
406010
823973
95505
64010
866322
482606
792004
878001
403122
436160
750838
219975
5995
321890
670994
247611
686499
151871
321296
842525
443994
328595
110672
636741
515455
85392
652197
47628
353985
46211
955350
383591
31560
23352
777528
649930
126034
81812
953954
285731
430387
458523
384120
282248
8538
6021
742856
178997
723360
209460
943839
16527
417484
404728
42841
157780
40604
327117
352994
290991
963417
682681
621316
957023
736748
479265
991484
175855
56741
239084
788274
896773
554728
164022
943024
610646
104244
457480
902710
306148
272669
356250
980361
810355
224941
556702
784782
716806
626441
192981
892750
239993
83459
929271
382218
301350
29727
887094
370910
149176
805288
449319
765534
96175
967351
583576
312498
683265
332531
254706
151793
767300
840175
795654
816344
786236
52442
344477
94569
130234
714018
408869
815538
828844
732611
329322
129913
455841
229526
353584
592197
923055
472631
924708
63785
855245
119839
511244
545391
737262
565836
903720
864472
94082
451134
639281
190528
846273
193435
491076
500935
395934
644261
647349
321239
87967
396671
152436
978074
879375
513441
695052
550610
679505
146322
912533
689960
424322
516125
116261
73013
460487
652412
727353
812773
763680
304371
707181
733734
663304
258669
123777
221488
615352
189826
113903
511657
196542
193659
829046
768997
316478
618321
654910
724179
331617
428967
381596
871119
659201
116239
380639
717334
840217
417186
98919
439041
437306
131621
265710
718244
304729
725831
894457
962518
926467
254354
105503
161757
392612
631355
419520
793452
97160
108600
584598
706672
707160
489557
311885
216614
278325
253562
595107
612186
9275
461609
573138
763611
35630
77612
961063
432230
302424
149874
41730
877910
815232
932778
281529
621486
960431
874775
780674
143005
207973
397943
28838
737808
325209
149150
308667
845718
420235
580012
426200
219909
914594
937672
963181
393255
167986
306016
643694
71481
257659
231023
763197
444124
260191
244184
600914
169803
104119
842869
84944
202779
225544
747264
898342
906949
819186
650596
26636
451430
14854
494331
782966
703661
545568
761340
792936
158495
995402
94713
521270
932073
639200
972711
749643
487008
8236
349192
824450
24593
30249
32730
491403
900265
356288
158061
378828
833126
532250
859245
310264
454239
320278
899589
175348
52304
814189
527108
494127
970936
729173
29852
353798
84146
108072
527573
889292
869762
653365
966141
959927
779314
613421
776719
484763
923210
871607
692568
4554
862041
101665
618165
732467
152939
285006
745345
231142
979414
592021
50357
863886
119469
120348
905239
416572
862921
305960
156987
116786
599968
53324
180726
949094
93833
652475
319856
840038
382406
503991
20300
577775
757148
425992
257653
860065
110009
880289
476451
985765
491678
981807
278551
820724
773464
502721
30663
592605
885388
988713
269555
89061
480978
744696
398506
75107
911532
886146
213371
83051
622975
97716
580001
25670
955801
888941
542750
917045
671297
506485
807572
179238
345836
89558
317655
167608
514347
893194
846567
180123
387809
276791
304025
640585
643449
618992
413494
800803
828881
972920
314737
927136
176959
768535
611320
405309
515712
901442
49875
447564
108794
219680
286663
423256
381099
762247
25383
259243
541495
27229
425774
336843
185045
23008
242276
818880
505950
94050
373952
104286
600917
173801
668247
324725
983221
110656
631835
211211
427219
896809
647413
661762
741990
538862
470464
377276
316824
41435
392308
445845
712818
351020
801691
225257
725232
881895
809023
634522
327913
660204
857813
430729
592848
698784
107142
984197
569809
577920
630756
287138
732145
502929
754943
208198
555252
128980
312534
44534
797248
112634
408101
694752
304968
349353
576141
463558
210190
932951
795008
23086
534466
298635
851969
226316
253407
627825
105589
420003
814854
508052
896845
959301
61188
802407
706359
894284
181993
405488
376045
148482
510950
158243
102840
780735
77100
214512
510716
380916
912702
850160
704088
644240
635873
208605
742963
380245
609353
849352
701740
844919
35475
9986
77670
220521
263414
764283
897277
510013
116387
544878
406448
280984
220684
42148
492342
996391
195757
105852
525080
818779
677670
185705
112627
130178
749835
558337
582549
394928
29477
305112
891996
354067
786261
707493
229291
481459
318596
567163
382931
666502
667872
765296
857967
405139
536697
953610
796765
740400
126711
530597
86448
630356
756674
737004
115051
586350
679204
900179
403949
838356
610679
764210
302462
654347
173684
75693
770600
342114
904329
952985
6878
113540
847144
790047
183419
391376
44680
269876
978886
909569
528396
831709
743248
477467
506358
876003
779781
782213
613996
645160
542946
497213
295000
178114
599372
632294
398429
954158
33303
376243
345173
855810
377209
803251
414048
70610
865851
466836
41856
9626
562645
426756
953083
179829
633393
547236
831286
83449
627786
308683
289984
21000
707103
215160
524263
78140
317602
115587
348964
997671
799099
824018
140079
634667
699696
119955
753453
281020
744165
594163
890151
551221
455725
738747
988822
62586
158738
845476
279519
490739
198117
675484
956559
648522
630571
101460
886854
741365
927502
3107
685627
271870
551593
306649
403326
532346
577473
775164
834791
910121
687780
107742
161822
782490
186959
623667
778816
239811
876727
814313
56345
460637
912073
621267
2122
829296
928826
555421
809118
513231
819477
891459
967140
82920
221742
237228
725503
405636
505036
736146
673285
547997
490476
548323
803351
934506
195985
236960
902124
202081
323358
320887
547712
24583
746788
236533
496946
58722
378287
306495
738950
925616
698930
100746
262855
604787
253278
121283
216577
384745
226420
44961
898110
574378
701897
358343
473656
816756
29
275865
19389
862395
992384
509436
960067
651057
568545
874971
972245
428670
330254
45017
159347
217926
904782
494338
198581
185184
801392
711495
253031
172587
165578
965308
431490
986096
694543
660459
483552
614327
628171
435402
249544
195590
887639
393226
718496
186052
183236
11828
846747
29118
710081
622493
574484
666650
808667
969059
744107
914614
519050
795504
306450
510381
303117
118819
57210
967363
856130
938063
518650
12090
618071
159176
714102
155938
300087
590293
129970
438417
559334
248397
418632
491347
772400
862178
533519
10019
126613
889252
366332
564469
194098
403008
868799
913314
483983
639845
926339
629342
295874
540444
206526
108019
153131
734147
532953
55980
201551
609475
745960
845350
48051
211019
202786
947522
867082
181294
429675
128013
887864
440377
698981
963291
164153
884036
38554
709843
526069
481974
368452
67281
30481
879619
820417
825266
638042
713627
510247
830233
296712
287947
546680
934166
57551
483134
253819
98280
221370
587805
632330
198010
381118
944778
41188
219198
410163
449033
702461
831718
371315
224580
600109
954516
308531
290654
911856
244862
991126
126103
407071
609175
846537
51869
569363
706092
92533
364142
254801
917721
552767
333766
978767
122929
373759
18175
543841
778813
830846
799825
966593
837676
755405
875517
507219
1512
51513
462110
426425
105567
531170
280153
788004
243025
497697
651522
273165
247409
822653
601980
570086
513489
21052
664274
522142
373687
412919
545632
124405
375820
208285
444754
661022
940385
758506
712874
635555
679040
700401
153514
322352
108833
967459
835012
416713
889949
328510
136393
981261
944603
655439
510677
378974
266197
741912
215332
273082
78333
317212
394488
891244
65030
980782
859284
853544
499654
46455
419511
331598
791445
954655
807200
372447
617363
147983
839203
146290
357734
882067
17998
456279
119554
315879
803328
647717
960664
493097
136135
232668
79658
704925
963337
525008
69673
437911
758430
22275
941444
393512
147835
13414
817055
479066
245244
812242
237690
758853
98503
353105
298031
549760
380186
205255
672742
424222
669212
425738
354196
183154
260768
354565
363265
21051
830025
457930
136196
620106
298536
363362
485607
799805
581661
263825
459344
807161
920628
969125
574700
664645
542316
110017
856518
721348
110630
130328
169592
905082
362672
413546
686363
1539
770877
396138
124357
325139
624377
961465
548738
279171
351033
6589
52275
234264
727912
229747
90239
722849
890288
888194
534259
10764
881593
790004
760764
675593
254288
483857
906417
762522
110123
593311
676222
889508
235833
526641
51973
601110
443085
137096
659681
481999
525637
765252
666730
205325
850248
40187
253096
737382
140172
329753
286034
154137
111094
314346
31753
614401
642218
842019
223260
513123
220253
110374
750889
265186
370163
772785
582188
697600
158305
900667
824434
361236
775963
352614
505617
552020
917068
100882
453558
490028
87700
757714
874561
941346
704095
640846
748016
673769
4468
112771
636579
670628
800492
828692
355547
819239
630168
38190
909663
86797
317813
180440
766695
548844
151312
189261
806917
82733
986870
234203
143160
595603
285632
750654
635025
255021
610639
541768
140043
383128
648833
573710
624227
957681
775239
186025
393171
565304
732446
675227
106843
88676
16359
881596
170692
81366
937009
769650
347489
27779
6298
164141
668958
277588
253249
281438
216110
284514
366484
711569
147728
359789
500389
174578
14930
848254
999233
933036
266452
702108
336869
902166
861586
601284
258606
510604
512494
530134
332431
602658
680296
279839
824405
855863
733324
462916
419049
411478
82695
535563
820686
419933
590826
932629
447576
42382
344758
724765
640344
337604
142668
158240
379693
257778
990348
849993
179334
147593
820331
867856
463249
397150
491662
233705
123549
900496
71069
399535
132923
745579
884721
633168
351105
826307
704931
733151
112750
586368
899660
521721
593337
477398
248297
987253
377627
244737
911108
790901
409771
212385
127297
870251
726034
599899
36049
465890
224554
973917
540569
383972
621611
420503
309526
954237
641157
944311
798442
246733
517612
152066
424456
970174
660195
63311
846011
844369
627795
953972
143177
969731
961039
384354
811708
522584
538902
567086
81890
313995
980225
994616
324700
108618
683786
8480
672391
30813
877625
464353
763162
842993
555984
60570
552325
290288
841217
955854
579967
727696
699101
508565
95590
797315
237049
792084
505154
727413
433630
183612
655506
463667
126636
201971
245320
922999
542509
631785
17725
443129
678697
391980
513730
263297
892389
594642
508818
53868
918510
912600
157043
496104
979882
203144
31077
88114
585523
57679
690238
8258
911095
732398
273024
618468
98098
297375
441445
950211
740169
373083
530073
54202
13259
464015
720582
449321
540872
532224
259789
822604
163151
325212
525340
874282
378715
494199
89510
965777
841891
752345
805578
192017
637935
123952
23837
663258
734150
67596
702031
662765
259647
134902
371757
292203
371334
488459
782766
44188
167119
698123
708471
6470
450207
838865
108749
947006
750936
27425
234481
734241
242375
579468
922421
170829
828711
42227
567592
385069
467801
314322
235805
615479
955322
964584
233348
731940
172483
63052
852158
532599
48868
139089
177625
318615
602477
312620
133052
790073
676824
288383
620503
5927
814702
162832
337847
192446
669260
629475
490986
301156
398529
509987
750810
116061
197474
354114
104400
724282
166345
939109
547526
230066
648127
706301
507980
91333
43550
345343
117966
578915
608305
908530
405829
456307
826159
533880
969584
218065
846881
493102
705512
697238
886690
676024
106125
967372
348328
46558
745858
754892
113271
483595
590367
77956
650397
78491
743468
160323
74407
722403
395465
926769
881766
88443
475979
925254
901109
655179
431860
723480
980687
13076
49751
408959
82555
746170
379452
539792
220121
46734
604033
791647
153707
652921
935722
252571
298601
504701
980431
229497
82876
630051
493639
359195
861299
860167
718909
866042
123337
52932
539758
373025
516983
133861
998544
242914
553176
649087
542923
785229
379925
986229
741208
68875
634373
633163
85252
928195
754778
670824
116314
404279
479373
10702
559517
490205
133323
739815
177557
887035
731308
60169
661681
525160
683789
586474
430180
252631
521204
690820
639888
85720
387727
437156
937496
85486
951199
295520
102552
427607
559834
130248
241744
776505
930223
868904
608242
376610
417699
966627
938567
496922
893994
770381
820509
847993
608135
492320
338514
792594
428062
392066
205686
441046
782927
616266
394204
955812
840097
861252
108564
869640
444383
356053
249860
562858
377985
908394
68143
274027
540459
49101
1014
64168
147499
824079
736584
209625
938701
712849
711987
522111
155888
256109
361386
184599
178703
860704
812919
120674
39010
656065
657302
426376
323375
541557
323441
339484
583774
344535
807203
354813
11205
97765
137788
113830
474135
631850
116646
990895
34425
42982
131612
49852
434936
232659
573284
739830
395941
87687
192938
443926
330887
632298
622193
742926
585386
722234
586022
849735
173977
504754
157429
284513
129060
274364
878217
228853
757773
730787
868002
699119
93768
123411
213243
571664
875492
284176
418969
360957
558299
928866
6869
981241
929868
198267
682982
964550
558550
680273
651575
64506
960106
165398
808771
590353
225940
63523
74463
31844
142677
584331
383297
859891
888274
470513
25916
409006
200157
627517
525108
956275
311376
410682
122505
144646
419810
257150
285156
127932
365565
194491
620155
687711
820793
970115
111203
926153
104494
138569
276313
509330
112268
584986
173185
329731
69143
686865
335458
769906
391489
181674
728840
817202
331430
98293
341706
343589
544389
976808
517404
690307
786299
260708
548753
162374
392297
839856
999201
555017
854937
972416
245334
896361
866226
298328
152657
209016
806534
268988
225516
9541
299570
720841
268748
859358
410168
232770
899258
268406
12838
351991
379766
320642
621528
401005
593880
228623
602307
957913
283205
533140
561468
697194
142715
680766
314104
408452
204194
33279
518556
269159
74783
46388
508517
850893
984621
699443
222406
856534
418199
893264
976043
165443
844518
224530
603071
223424
531059
836116
69946
859159
280601
574293
306252
562676
417212
290572
759920
643384
910588
954555
865714
604989
173345
780035
804193
419749
707197
7057
851828
976744
804521
849670
473322
586884
241728
889205
673861
413826
641695
71584
594171
352230
831215
253522
383553
792410
890011
406132
953014
63810
806984
979211
88243
417719
630806
668860
987323
504610
106321
7463
870115
670645
861750
401256
491706
195954
969481
470050
579354
175394
890250
649815
408220
161590
223340
400252
615365
615800
866538
870744
585688
664715
165752
911582
928521
665791
447851
427061
460524
657428
762140
886620
141350
476006
69758
117703
516059
906724
772464
853325
237067
131364
420179
44743
865009
704469
507692
836476
302819
939769
468153
584502
606829
63688
983556
565749
573361
73655
131138
518257
940463
318019
704857
607766
715605
532914
331568
840624
474530
888267
962466
658942
155668
461205
429636
319099
490861
573411
471595
886802
24346
214184
799991
50649
174234
363555
166251
59542
994722
128889
368062
575165
464023
65753
777783
419977
607728
826804
441716
717321
853488
245296
625314
241934
205753
602858
567991
850258
444163
143075
505013
309412
819813
681413
198104
831510
72464
794885
800727
888844
595615
44108
926633
642121
387351
789933
978852
564675
912781
212260
43581
861217
531487
197365
667305
760250
31238
10478
819576
204551
698692
495429
445997
833341
908618
489628
648662
784796
410433
574929
164759
328987
975510
275965
812585
407797
230563
803764
818447
142354
401856
250189
422698
715749
751634
765461
744405
772585
720207
520071
162888
846234
736751
772797
567410
460595
419074
779713
344355
581060
993717
975744
411569
782916
579348
183154
597849
22953
248205
244517
124641
715087
973682
195851
600462
966418
250725
21798
784620
324886
189201
98271
915752
27777
233734
341126
365470
739971
365220
997909
222711
141063
684114
687048
260701
20925
417159
219905
78443
950817
945217
930944
822182
285523
64854
625428
967122
65729
144097
518778
976701
785364
694812
25142
297417
445291
858451
582955
349439
532977
819328
937590
325148
159033
113044
86577
835117
414625
633938
798967
569048
529068
114386
800208
119770
98710
854959
812787
973970
220737
579917
611693
988883
409630
654279
211259
433732
568802
425963
103262
30333
866656
596064
384305
491041
230655
553006
158585
385468
345143
120298
266886
723042
911918
185945
866802
827060
305544
977501
27733
532471
609166
481139
52747
45686
146413
350019
37362
577839
672984
967940
553174
923259
595100
903059
907107
504393
942882
897619
866657
992445
402203
702982
655756
147152
71787
980000
357799
234953
997326
143855
715671
373317
688402
91666
602478
826315
534567
23212
282283
531413
545839
76806
510386
19454
153392
386165
172726
477492
652446
404533
627030
477985
703483
264167
822432
324343
36336
51980
767078
513100
115110
18221
125361
314339
783525
858376
152277
207860
742940
347404
15070
940375
708995
421515
189209
644640
431534
877556
750477
216961
410301
934942
796110
7368
378449
82525
644278
227865
123569
738707
549482
611231
932988
44479
558795
431891
228875
989138
689902
375768
863338
153613
869850
892121
527050
857009
445558
429769
994868
667662
146546
29206
458684
125630
711018
653725
208335
264533
321490
799579
676616
23968
75096
865853
448929
52187
626130
60081
693012
223878
781937
389493
615616
974841
168921
689723
933470
196644
912680
388744
769720
687105
737051
230361
79546
865575
108103
821408
900147
124682
69200
228263
724341
800602
149977
855854
284626
585451
306252
25080
1521
650789
633637
795418
694260
254912
816084
932503
38945
912192
66474
903316
316455
576498
565817
675129
520099
593169
123715
619139
821081
869691
872190
889776
390902
822052
539483
468372
708436
33179
330369
402146
650659
103745
702646
769142
521661
229627
313346
112828
56139
257087
233722
364349
511927
161217
658156
470406
669210
950717
360272
639630
167796
950015
946697
591264
716073
710266
11484
984841
466130
353948
111956
231557
295308
102071
256888
637393
379037
48396
171633
201921
751534
625447
325362
163247
224114
65185
692232
990685
189707
925171
936761
590082
526016
256041
484476
836829
320233
927384
207447
923764
83927
771825
554730
311943
892071
635236
503679
480480
367430
613186
950970
943332
314198
947427
730813
821550
200850
713017
376410
732021
13098
362223
139886
876145
63858
381282
720582
136112
11871
703844
522263
201836
114048
247892
237533
228686
413817
495626
369719
558094
167356
7203
651875
659252
388243
19491
558979
968708
594646
936658
712721
783032
457853
739809
296945
484741
982616
644955
936265
584715
2208
119518
776761
173447
95701
713479
855425
479936
235864
696955
920484
691919
241867
235736
92599
79947
21398
735653
758508
257362
476845
469092
894400
896343
616685
263066
661763
820661
605498
376898
374605
353932
728661
78073
13409
872831
611508
695179
183791
262715
287619
115818
592057
786277
39248
599744
525090
584420
725743
973851
766162
140774
907420
496133
975257
670571
242286
887629
711187
686295
788522
408711
484055
137089
96834
398482
75858
641161
490252
211734
533184
323188
824315
537945
150442
471986
90772
877619
980021
954496
767411
288792
453149
635817
661578
675275
466063
336947
651958
270967
723413
486394
89671
374037
931420
47151
577861
476060
52437
400225
96901
24967
95143
524413
622384
662623
769889
944409
717425
103303
755251
637307
634644
150673
600749
619684
9620
461354
498829
777265
15216
378022
597323
189619
68079
989662
224119
20380
70461
214529
78085
856622
450072
394851
218424
335312
606638
625625
254173
118796
442564
502169
919227
868858
367390
784507
85054
712681
904814
559967
793929
194410
383690
746938
41769
612670
882657
80589
154082
795336
716065
318183
95346
194944
737134
691770
425627
396220
661204
620491
461354
875408
224318
575691
98587
580022
552030
770638
915548
2567
843950
510255
905687
77204
918800
514322
803247
788129
715307
783118
520913
362549
151454
121367
548920
75584
137369
713382
790725
889310
19164
989017
987172
420519
368051
322493
976497
860645
89906
469291
732925
67107
794708
583056
642036
720857
933515
884193
59090
522158
603244
31982
121434
789768
94290
972638
468378
404959
136068
514300
455574
554520
683357
7384
622690
834546
283059
873292
148328
169649
854946
149901
133141
161737
153846
491826
686653
468577
322796
355761
220508
326378
672371
796537
271202
309814
813396
217671
849806
892609
402982
21302
749408
598586
84181
619582
145311
490429
66499
775838
777835
64193
518493
223540
722022
399718
167096
271001
210935
420187
237335
305998
952649
390162
766159
365211
109286
48116
140206
223191
808830
286114
541938
186563
738033
411075
927419
549014
262431
496299
908565
78937
615623
452243
914052
709275
517445
672789
767146
47785
85495
633162
438927
86530
657502
739905
261587
865099
520891
130586
124141
810162
145488
904088
816598
816208
643409
276851
960692
715664
116721
766836
808945
572909
144856
524722
649590
414525
420162
904978
393053
44780
820154
772806
782087
64269
18547
723128
520341
814750
18125
137904
521830
123406
22691
818928
808791
493307
741658
253816
752313
607606
413358
205519
246642
489547
67082
72501
543926
324257
292694
900087
571412
593263
370990
729617
186112
957381
940538
843516
544889
749304
31936
897809
388215
523135
781711
719252
831018
892329
860396
213610
574243
594601
563690
127541
933354
592052
272626
49171
209806
878035
287576
909746
13964
340535
929064
640916
992695
908481
688303
757939
679966
800417
133817
297176
854492
400076
327615
899404
625774
827265
296796
353679
80941
373127
502048
145994
458366
600176
860511
567891
625486
645955
406153
389293
834768
794560
77301
673531
651194
361949
377769
351770
963188
705301
519767
567434
440342
708589
144434
114279
19787
803128
239578
29793
982321
635626
251120
46878
892848
600143
819213
734694
82849
211773
18656
89133
329361
388114
574307
427213
282867
295582
687203
2725
206481
183245
747578
756010
12774
725745
244762
677120
534264
519489
850516
536035
216259
571081
390512
553070
78483
385181
27724
509641
617698
412204
940362
609995
548619
5097
107301
806383
157908
137808
857008
800949
298798
675005
17455
51798
803635
892703
974842
286229
978000
52592
595024
160539
354970
130694
169643
544286
868802
212671
606216
282721
903805
518649
570363
26423
802719
835937
681068
622766
332540
994807
235640
919217
316672
895005
430627
737497
546796
671089
385556
342970
314855
237287
8572
409833
68422
545193
295377
314452
519962
617330
714352
231905
448394
605094
711460
863538
853054
434473
2349
4236
946759
24764
211765
52062
252026
10144
851177
824930
274360
604434
306573
957548
484410
957940
535850
836665
928472
968814
811742
617783
965679
971316
623098
575577
447520
145401
344767
612093
323526
701816
730278
211406
193497
392197
229160
217695
686190
962152
145843
127311
143990
930028
741745
181530
859223
860458
870050
693258
448930
198331
533601
248785
686305
184600
573869
13235
73751
484460
965457
202371
737743
812991
335654
375089
498920
633210
54994
364469
552820
71886
920192
751138
241422
961646
703300
82694
914889
602952
375640
479375
343763
553279
144798
785472
261216
843009
730944
362668
15184
372668
281988
158411
997949
951798
959759
261747
97136
959510
862177
335846
454013
20300
681171
802832
175335
573372
242918
552728
828755
689833
654581
461637
551683
18989
585011
469124
861869
922291
992871
844346
553616
520700
417335
452258
634676
930369
134152
944834
941455
683635
577530
417227
203168
924671
68076
540261
560685
546990
623281
292272
137306
12938
786713
252329
388822
417501
101470
472054
70314
186765
222646
815892
274940
344034
377819
293390
67376
730874
96256
352763
427780
188911
52658
433876
41878
177518
372929
703153
369884
520782
940311
539909
593589
953415
40437
689230
284001
691908
849935
733500
449
354999
276098
66664
176674
617233
773148
477186
327593
300614
75047
810396
213351
42707
736715
876017
852592
556877
812307
740572
166429
224199
528359
123919
441375
20708
629590
886063
181435
622474
305393
747658
774578
517361
934535
37947
123059
42295
89287
349509
900955
106209
832257
50796
728656
855545
43253
507406
594893
91915
978520
871739
602233
897381
609859
390642
649137
529465
827291
116910
13010
185793
187310
66521
849169
556125
579764
230095
406813
548352
754311
575818
351845
51999
940657
658511
214068
571648
231471
107541
896648
784325
35706
147686
830186
509419
204457
94977
739895
536585
129417
123238
192851
59138
336866
935004
996261
193305
895831
93277
583450
428499
715502
876174
277665
456542
261510
465788
209136
381485
806545
59462
993971
567423
918978
753442
329580
604120
445343
113010
215360
115746
275930
196637
854378
393311
236595
927850
317012
692543
493958
826409
324747
180948
924975
656117
484349
197506
152742
173412
586047
348310
545032
486000
618875
442613
287674
22253
274271
704913
301445
719398
375178
209669
422862
322602
507351
268120
773116
427420
635439
650174
262750
224442
35132
748430
362885
322622
649982
569261
267105
182385
78584
767973
361898
65739
689437
641699
745528
38623
524042
714994
316024
415300
714091
298209
137938
475157
940267
773185
393568
411198
242981
580716
278351
925755
920537
440561
72207
165639
299370
212731
91964
569813
484825
713764
800702
323730
6805
541662
430026
663330
987820
816389
903037
981298
94807
742300
673286
374507
299555
562424
122554
550788
922969
522086
340177
950750
390053
378341
104681
963140
107807
491945
642641
630194
445058
886185
433945
317105
40652
858042
709248
382945
351782
906755
679247
357018
231103
848072
750599
393586
553883
195292
397354
677051
723842
379999
558388
275188
378618
50853
329306
171391
320010
904752
912880
616978
599234
775425
900069
582335
752269
407823
305702
315928
267682
985783
461822
916600
442109
573112
703076
217480
933962
151839
910490
667315
359806
24378
307592
995910
552373
679745
927910
505366
629301
591224
5970
519577
307901
736421
540031
569853
572880
706514
6431
152042
709573
264551
783345
929764
71329
44014
28392
771480
571607
921587
514448
865305
303424
831562
684483
850225
623794
706657
43519
805269
532906
724335
536238
759846
830536
721839
583764
410976
781134
411224
553482
792279
124516
381513
641764
844396
234297
491747
698260
576441
464764
676616
508171
640967
455468
305258
565095
446678
771819
442918
240481
527787
343951
494889
457313
754949
567943
121748
397702
531966
711128
588526
203800
492094
299229
192067
236665
717009
739723
479786
752100
527226
640103
741994
596399
451797
606619
892007
94886
366211
792523
157092
653117
368871
154946
284260
554591
462845
75687
963587
467141
34614
882896
561377
131332
769925
753179
42931
690174
972035
234169
243811
830345
195182
497009
470766
772706
837532
347322
805157
164233
379518
278944
154363
244901
510701
167593
746887
14547
914144
351189
131690
537809
631887
519976
929466
91080
630100
329769
983287
506762
363534
320410
876
699379
48884
748259
145553
982923
113864
648695
994865
398262
509774
629914
678609
754882
236340
89121
617770
985804
968503
983302
620328
650466
454242
530742
945219
57648
814414
518520
705412
542673
703559
975580
198037
231250
775233
206784
392786
137890
433390
967041
960979
338434
13624
79319
148860
623390
852105
20719
714167
400915
698918
372305
739198
716032
15156
161741
412695
256682
541151
167560
28834
883862
481900
615518
856922
159128
52702
119970
355861
418115
672573
46298
200693
725138
739635
991005
961747
922760
307261
458572
671711
559490
543100
986799
50925
559787
946730
294647
509527
727607
495620
834720
473096
186767
504135
321351
431556
280897
276159
87237
673435
179600
787451
793795
899171
440888
694818
759679
388479
113464
688341
36030
503233
963327
806973
315997
873707
734471
679955
537563
944236
63596
561981
187954
898158
399501
351397
346587
891498
309551
364338
993904
308407
67855
166453
684977
384475
167567
171347
459019
758556
562920
235869
402573
808638
38046
35336
471262
224440
683801
174685
66605
219893
509780
372070
673431
112924
786535
516231
782705
114052
478163
358596
558803
395855
338551
616204
451658
173032
730006
631180
223774
292584
920035
120715
58038
682605
278747
803822
627910
922695
871249
204888
666932
695150
18215
490555
587655
267242
739516
425409
281246
508269
188567
266693
964778
860732
140705
802059
37514
827475
68803
950937
397268
812561
668093
202612
987116
337485
500032
433655
904304
686032
759263
983239
196198
79643
305589
972498
280165
285343
196742
525966
161682
773564
185724
685561
237287
778060
803864
59669
797203
837046
922150
873422
472337
155096
760872
139570
951322
228923
565772
408609
97899
281041
777150
313664
952333
679149
269675
216539
180614
6820
938796
399286
427172
560949
287670
859114
429778
396763
540235
937907
397449
10246
620804
789318
496449
303131
116611
625422
404545
578947
771545
978192
948369
71930
449870
534768
32430
524992
4604
28440
452385
513574
597966
840193
524451
86713
564060
420184
26966
449724
728363
937916
837618
400202
350028
778163
595755
791655
329234
25008
554553
680064
833339
663354
833702
845537
116614
948188
409613
516065
332635
341996
280111
762007
827685
939725
145740
677801
17352
448334
225398
866742
292279
711722
119217
572940
842722
365172
791963
486207
222453
72154
254372
720850
815441
835001
481759
171197
323841
64217
354096
783470
251216
68177
153277
896679
158795
672982
273090
925375
549100
499325
463993
440645
799256
404444
487954
311229
332804
502711
451038
497491
674302
81692
666164
460727
694526
291288
56121
423314
369940
436048
137840
522261
730022
650825
494910
423511
431823
579304
675288
816441
698933
859431
113167
540445
283714
110197
349572
323115
847781
682373
563021
926934
52493
276582
162250
484909
3010
51990
397990
733205
549609
372446
476671
826953
364419
379302
710944
781536
145375
153791
688998
272649
145307
908899
867045
760853
13410
999492
854003
317455
763600
20867
103775
699578
381738
645801
202785
975845
294075
492821
893891
615766
527121
537622
304788
522681
837412
62889
406224
871916
104068
56808
551547
31706
945234
727601
554628
271180
707840
928931
28222
798353
543272
755522
952969
155412
440681
346377
379621
517093
644092
101323
768003
949942
133794
670642
886038
947316
760951
682147
594251
96146
915031
767884
991061
796561
808803
38178
462796
312740
887475
245832
922573
100101
517930
243342
656994
173222
465481
173846
411098
13177
566789
163409
225436
541754
694987
361389
197561
890466
944565
813454
368455
580423
378694
678326
337054
28147
572016
951968
486472
6127
343118
38898
538051
127524
454582
422394
648833
136703
200542
867276
496637
370471
407320
265862
797479
172936
326814
36807
580886
353389
184883
907356
429575
696530
35857
960571
27571
884842
492796
554174
293301
660344
180432
918854
992537
149088
246773
286853
16087
354411
174613
816022
997519
759440
772177
922875
104443
465368
878836
834060
627749
170855
182997
737150
78628
706104
455737
683436
6608
818569
969139
965512
311927
123907
978272
701281
55582
924856
274910
928039
181024
63395
980118
557700
62819
781675
206488
390890
67326
940252
580448
290187
517214
418472
543840
265443
968221
684284
111515
15653
320063
654765
361116
469058
520981
887820
616014
509523
725801
478275
650400
996113
6690
469780
896229
99480
16115
407762
921468
725176
908154
272012
24768
201369
128236
965249
643646
226642
319062
879461
807502
873264
870780
653834
389493
632257
603283
975707
481683
613139
53102
733515
71656
368311
604029
279500
875103
636527
118638
287562
759443
976574
671984
993817
78314
126381
99908
616957
392270
468793
94960
778466
848398
297188
275587
10172
662188
269281
108162
870718
995739
393124
975402
315923
506365
550545
233786
561318
26470
65219
407250
260878
993332
576958
564575
159159
796904
372019
380291
885579
18624
135122
730049
589823
539715
997961
983683
901836
269150
630245
492876
69300
377788
536649
590332
554101
589491
126369
80953
523134
446593
240243
100655
754137
986401
638238
412152
150141
212024
330513
708715
684901
359300
948862
739890
153277
506034
631319
928342
461194
666668
54581
415382
12245
711954
71336
199459
751266
684944
730472
557418
810842
544200
699144
642553
153605
507341
746947
280382
711935
29203
814514
154927
195181
440548
860580
625300
453687
424240
152808
367658
991048
945071
176873
716515
128265
832799
374878
688063
333067
833362
846118
331685
311232
927220
337119
37615
83613
13590
915671
941187
855445
354310
340490
233363
974610
686328
966377
83036
769863
316689
706370
838470
727751
448215
999103
178512
852471
683361
713892
140914
682933
392865
696574
866989
478200
993671
836379
533850
554249
206146
251500
201153
296766
639210
292453
377518
30851
7461
954038
607039
184220
508229
437097
398598
841367
726237
2818
985227
716613
956218
160236
681676
158624
34293
656566
347376
328300
109431
564804
818985
219611
15972
251963
849119
163427
286828
953841
715390
926877
308348
832490
687794
603487
188824
578284
98576
786923
140551
718657
635947
834716
127388
529244
867590
288358
476976
216174
380153
243508
863696
112453
766720
274974
921891
146744
856035
708055
267284
509797
455502
402174
36231
938772
398099
724739
680082
354655
637150
513528
26550
609912
974324
646965
892049
246429
941278
345922
821557
370465
924504
875439
198240
910369
817634
676214
387615
54905
506023
442788
338110
378721
26961
566515
799265
509892
683742
800029
623188
868683
72264
153922
669619
905811
398192
215814
619960
666356
591387
187567
105260
118309
346743
740270
565557
392453
12889
659127
478296
575362
942472
54350
990037
636592
58861
432044
194844
36611
341010
37810
195876
219117
784024
100012
767706
34260
351302
420312
19331
87843
573749
476985
962883
795062
298351
679051
1365
416734
514295
440602
576847
416369
596445
788404
412654
319522
113317
437041
850319
354672
139590
657830
736604
217526
271480
130776
404467
271056
402576
855445
403077
179635
806231
435686
827622
435516
680258
492641
75055
760060
379336
56374
254883
152734
829837
721772
803321
673855
458092
47656
957130
739990
928348
409123
921468
372377
337245
736493
990157
72788
712351
15460
20194
948200
352651
909930
244700
145428
878058
20360
711731
657850
108167
84545
649244
510018
944634
132935
391749
654093
34814
616064
327951
521676
607254
914824
335121
197352
928698
574792
869724
749930
47605
192354
895744
450191
265384
454442
56298
667921
34372
974312
605862
804311
847533
609082
235076
128543
192719
455508
776537
844068
392655
297086
378961
690175
239373
777110
621629
959856
257843
938058
53074
701260
201774
533503
287774
387821
503900
76190
810467
531797
384459
318839
793272
678610
145085
525703
47295
708683
785374
151929
335612
831588
698077
174313
79023
998546
630506
813330
789287
980851
853966
497798
226504
604243
891879
601966
253597
527113
402065
50238
394917
468162
501967
40783
978213
329779
841049
621275
470187
725202
315013
962924
716170
713363
454593
935182
774275
689335
561391
361008
486149
775057
669150
619980
404774
840908
166708
975798
29882
399289
686453
600682
721320
970035
635322
41502
304329
129834
490861
624335
38099
880086
450479
157063
845421
729601
620513
875326
782076
831770
295023
106789
60801
691578
54456
26821
969515
880284
399460
635383
207159
629018
795397
427818
646814
286752
707997
513985
200489
784594
535924
503328
331001
130597
961883
502773
798314
362393
930333
233325
622874
81579
999170
626496
271196
619491
152374
306363
398738
922801
907683
910810
413760
55742
617370
134106
560196
447629
12714
100235
107860
715472
610815
236160
472725
918914
391049
229943
717227
595279
853903
478417
877820
103921
794272
983204
224412
433209
938271
630054
846093
861213
861673
933791
107520
691606
524835
398848
301311
802965
750877
783355
777042
621465
75446
363934
970602
707448
137136
66555
540638
265471
366170
38239
272031
450686
795911
555074
564053
223717
73084
340360
377697
49496
524242
621230
798656
782194
661693
900787
615947
755061
551083
536186
174854
154069
628268
465950
464419
542542
63479
126803
635184
887161
987576
240261
677681
306399
159619
996329
372706
432443
254536
874148
654588
930217
195384
996680
402115
125863
622132
137076
802487
259148
476846
532883
268784
215585
945685
665981
334985
750187
464656
654557
417622
878311
393220
416829
368695
990270
121697
915509
20669
523123
41846
715845
830597
508161
186871
363498
267252
809051
481463
573139
609012
334633
819844
541111
546719
282542
377232
840560
35531
850091
471539
935404
419642
286258
1754
334966
211220
70600
587209
376591
205842
258124
584427
144150
110905
199769
14141
951186
83962
877939
642047
212927
924706
148200
650010
557941
797661
243260
391060
696012
925894
40567
799957
930596
436365
385841
209918
885102
109231
331677
44036
161091
165160
84163
886301
316321
744326
439523
43701
557850
906136
983125
159842
923377
138565
537479
865627
904163
963713
477195
718421
328219
20720
728537
460483
651096
873221
862813
52295
894227
369070
690438
523257
818302
96164
459070
496243
617148
795697
887013
637647
448662
660256
435262
720038
862068
928967
123540
5367
964620
394078
398220
177135
711282
455213
673876
65851
808786
53321
990298
299991
317786
729524
684586
143573
526493
942292
339228
374579
846874
777964
628554
21438
622849
117459
616341
736527
628931
316758
606820
128328
803949
474595
678744
455264
234788
897394
746814
407482
276238
435441
637495
420706
647897
624888
740247
602502
93404
817317
730691
523210
790637
719962
748748
188971
180765
408393
996312
160332
692879
812813
401251
437131
268127
464219
47733
871767
98483
541263
227350
469570
104190
319569
683544
577622
879876
318369
53015
923583
196046
826667
795483
309053
291498
819985
610434
409532
520477
200631
890351
107973
794271
137799
18633
126748
1138
147333
670077
473462
194119
278027
920603
624958
555056
706400
408783
38734
162916
526158
524089
998582
538644
203725
358705
903948
754709
476169
233720
755427
386595
201426
656700
484177
492578
491612
906380
112193
344009
120018
871873
337770
965164
608434
655463
627403
445075
766004
7346
124644
626828
530294
675772
881962
613417
746988
630876
380506
89979
814283
346260
452469
467999
231244
797938
917024
232722
587835
82599
171809
891281
14731
187896
957805
859664
239503
82556
265268
301917
406182
728211
924687
377796
437531
258207
500157
173017
741925
476029
172102
628606
388075
307227
178625
855415
501461
785645
489920
542164
303849
537649
261269
609997
381844
960808
566080
871829
380384
749644
913132
174465
349278
415653
808705
719862
829658
356730
928058
660263
612176
94590
358438
657805
521926
444605
663635
104955
361739
312536
596478
890295
114749
424732
83468
513033
941217
285177
191862
768278
557523
998350
866380
751662
939701
623481
389909
5025
260324
928828
814624
511066
593706
494162
467474
950740
458314
7354
731710
519000
726866
509884
124610
294199
87011
498924
802033
119154
509848
225886
118362
553558
787893
273525
981741
676238
781958
449509
466341
316461
878331
137249
594717
413248
196639
830810
757850
998403
980470
793923
562696
488270
246746
212798
49843
494651
968835
904647
963632
438730
892639
122813
819893
38048
590382
288312
879248
199819
481103
669869
612414
787335
309539
162506
159345
395813
881682
137895
539613
655542
668261
263795
19409
850568
669896
625574
591997
400618
421063
237067
851411
315567
929007
613308
507793
934350
917070
629250
717693
201182
566645
174145
551619
86453
204219
123989
15118
533946
373863
995174
75231
894272
725607
814405
952498
247334
333543
904314
234282
882366
174127
399911
687624
231436
404788
874440
571086
147697
297968
157244
1048
628643
168020
32663
329872
339778
600749
869699
592703
208338
240661
316728
635317
318351
417825
976754
964363
8551
865063
425103
549733
219028
849115
913394
822704
582109
40325
100478
430202
189652
586943
165291
878316
892429
193401
533277
559494
329183
755236
604609
725646
495814
581556
295896
262419
272423
35558
798304
416085
843707
416339
910935