-37707
-34139
49635
97063
26091
29453
12085
-94520
-31437
-75330
-81209
80438
-49091
-87348
-64875
-57992
54868
-64552
90560
-88422
-45350
73332
-33147
19990
-96301
54885
-35661
18861
94669
-60051
-63399
-66939
-981
-97083
85722
-17786
-39149
15251
63216
72276
9279
-40571
-69655
92751
-5678
-87766
-39135
27896
-6646
-35833
38118
31035
-18152
14986
-57900
64832
-74581
39231
65570
-60482
67252
-56043
64729
33508
3783
-90270
69271
-26341
-33796
10329
28182
66065
92107
-63459
-96372
-77815
23676
-76005
95645
-31375
75093
-5584
15239
-25398
-67730
89880
316
63242
85526
-34864
58768
-2233
89346
-4791
-33079
-11824
-29821
75549
81587
21356
-90429
84825
33163
43836
-75171
51450
89072
30632
-74162
77235
-51289
84348
-86345
59606
74059
53420
36581
-9690
50212
44618
-8262
22726
50853
-11158
-68014
-49558
3411
-85463
-267
94491
5941
-59977
21202
8669
92531
78659
-4710
-13194
47807
9036
-3266
85585
57315
1651
-60557
42417
-43380
6713
12692
72009
-91284
-18087
64095
36382
56719
1965
99427
79088
32355
64682
96307
-2988
70410
-42943
8939
-43393
6769
-90103
83102
-82263
60162
-62719
28585
1263
-49135
-12484
26152
44228
-29809
60509
-30700
17892
-74346
-86875
32457
-92924
-10104
75753
62765
14766
7591
29724
-82823
-97602
-51400
91759
-66798
-74073
1770
-6220
97654
-6776
47182
37996
-62389
-19541
28169
-39290
59959
96942
-58243
68893
-7056
33910
-87928
58825
61206
87334
15492
17956
99079
-851
29794
57390
85889
-31614
47125
-32217
-78943
21
99439
-42330
32573
-4413
71321
10392
55574
-30804
-43970
43407
84962
48693
39987
19249
44391
-43358
90455
64707
88659
80109
-45982
30125
-28901
-8788
-83852
-7849
7005
37609
15900
-70179
66731
-71646
-13456
-17156
43496
-75183
57478
-86720
35648
47784
58995
43879
-99680
-17572
47283
-85447
50857
-67513
72706
67019
-14352
38504
32841
88430
32123
26866
-13816
-97466
-29018
39410
86215
-1455
-36253
91041
-25306
13002
84211
-23966
-57976
49802
74169
-6231
38514
3431
3590
-17121
-36162
59115
10900
-49553
-69633
45334
-18075
89973
-715
-34219
681
30534
87441
36669
-90304
998
46252
-38419
8397
266
25779
-6401
11903
-61374
-17969
5360
-62669
-55071
-60166
-71891
-83115
89364
-55150
94316
18249
-16569
81384
-76619
-59590
-50680
48758
25756
1735
-27963
-38525
85488
84308
-55140
-81732
22388
57867
25894
-33669
-96113
-7763
97046
42597
-54303
-23180
-54688
-11332
33047
26908
68168
11053
9848
-38895
-88263
36521
-52266
-35461
-56362
37417
48028
87654
-75263
51990
56100
87339
80523
23103
-77134
-98865
65403
84723
-26627
-35543
79726
17695
-93129
-75498
-99453
59051
45938
35529
36214
87111
-26193
-96204
-56393
-65067
6475
-9146
-74224
-54373
27592
73806
-4631
-52675
-52738
70723
-2874
-75147
-97953
73776
-84930
-38363
-56139
50255
-20759
-5973
50634
-61216
52376
-82477
48572
-54815
95662
-77165
-2506
-97435
-51755
38513
-50421
-23089
8635
-50000
-52196
-77937
86181
99816
-8760
68995
-16051
-21795
-80542
60309
48994
53748
53082
74852
91905
85617
-49612
24495
59999
99217
-92581
94086
-26630
-16670
98715
76040
21251
7249
-2755
-24061
47614
4155
-65623
-69375
-70583
-80783
-65583
-46973
-48029
16354
-83414
88225
-34115
55198
-91086
-35784
-30878
70422
-72708
-31216
94745
-82235
-30917
22162
87978
-16012
72372
61918
-8438
69147
4404
-98217
50851
40587
-40040
40480
96439
63135
69750
-41712
79996
-6548
-44676
51634
-42869
-12647
-35986
-70831
72067
72991
22730
-38895
94163
37120
-22642
11835
4243
-11880
90798
9526
18711
99052
-59533
-77893
-63179
-55259
82598
-64926
18655
45875
-31449
-52113
70465
4179
-22019
-89615
94477
27478
-33144
-14054
46572
-57383
-63620
12109
-89054
-88503
-35255
54997
20947
9172
-6264
-10832
-62053
90233
-33109
7506
-31531
-24001
-31563
19474
-80892
-37161
-79206
-94211
45639
20620
33451
-240
3931
-64910
90168
38332
2796
-41354
78602
16133
6932
-86358
88147
4687
52024
56976
75028
58756
-88815
82710
12584
-18276
662
-81805
20234
10982
31520
53932
70062
-29501
15519
61780
15458
-98724
82795
-68740
72074
-7398
-1238
-52193
30722
-55021
86831
52080
-12887
-84567
-75554
60443
44159
-44714
-41730
-15588
-65591
-37440
44027
86374
-7571
18366
-50714
-74622
-62705
-20297
28912
69318
49794
-51956
-12490
-49220
-5707
22168
-9897
99020
-63879
-82369
21437
49016
-32258
-65952
-98754
43806
-61816
47578
-98715
54651
8208
36848
-37503
98099
57271
-47101
58635
-99161
-95835
-74548
42904
-59621
-95925
-93041
88405
48959
14199
-14424
-37832
12469
89023
-76651
-79954
13891
-40579
-24542
87373
-24942
39512
36598
-63141
-32982
34818
87812
-69215
36486
-76547
30484
-76062
36188
39877
-7168
26389
-91197
-63434
-78542
17388
-26254
22189
-48671
-50460
70964
-19208
50046
-93410
96031
-37503
-97628
-9713
16891
-1374
-20647
3203
13429
15600
41957
-32029
-40245
-12817
-82184
-13368
-96301
10928
51079
59484
62041
53212
46880
75064
-6775
17784
-86040
15677
17574
-85170
95267
47980
179
-57877
-11212
-10665
-79778
44481
-27776
5285
83629
78461
-73988
-23381
-18797
-41754
-64727
-40131
46622
59328
19788
92529
-50649
50858
-43862
-4776
99564
-17106
-37063
61166
271
-64262
69067
-86824
30560
-85997
33251
-69246
-20069
49801
-60319
-2866
-80334
-24030
-34751
-49434
76201
-77591
21373
-5062
-40530
99200
-18409
-61347
35876
-69265
23979
-44894
-93083
70827
6696
36317
-15586
52267
-79713
8590
-14708
-91783
25121
6110
-41021
-9050
-50182
-22975
-35468
-70937
-50255
-75979
-80681
63381
71002
-47297
-93467
-13157
-78026
6786
-16995
-77445
-91608
84464
39968
20375
-88494
-52294
-75327
-69717
95202
-45735
3782
-49722
-49263
69696
-42999
30909
-87532
55457
60201
2164
60932
36099
8766
-94297
-27038
-32115
-31178
29806
-34502
99861
-32398
48432
97142
-51312
-84779
19487
69901
18937
85680
-35772
-50053
42673
-89116
85289
-50839
-68628
-45765
37285
-77020
-22049
-16696
59108
85706
54411
42027
80275
82245
-41875
-40489
4022
61898
81432
11140
24320
-86042
88922
27697
-13357
-54862
-64511
86911
59962
2466
-6762
61484
84933
5472
-95733
-24405
-4243
80455
43640
24243
52155
-99437
24273
-64687
42168
-45278
17893
2506
-8551
36798
10140
-96111
46827
-80764
72197
76001
36688
-83526
83417
-97568
33855
-1443
-85624
10806
-3365
15400
-50586
-2571
-62282
-66114
-60390
67378
-96370
44855
-49807
51156
77815
-34474
-85672
23257
83121
-47291
-49122
62631
-7301
-61033
-29488
-22189
-97042
-8384
-86642
17604
-2759
-50857
16088
13492
60596
2862
7832
92963
-44402
23685
66878
11306
-67464
6392
-91305
-55171
-56054
-47383
-38833
87638
45104
-81302
75972
73138
75513
-75864
58812
67741
58038
99924
17967
73893
-62112
105
12990
-90932
-94583
-2220
-79497
-85299
-78831
52766
65234
960
-63021
27152
20404
70107
-4497
18151
-52259
66902
93717
-34515
-60223
-35089
53297
30934
-39016
-29639
36180
84626
38641
-79043
-91512
-99547
28491
6407
51828
65952
-3973
27815
54111
-99383
88486
-89669
19859
-15363
-29834
74532
-2689
77511
-57157
77401
35435
1391
-83335
66241
41479
45472
-27343
-82443
24558
35079
-49412
1031
-84662
-40958
78775
34055
-88597
22627
-78847
-5314
-90519
74833
14573
47954
-86720
-85692
61441
74732
-62936
24474
-37616
40495
55788
13686
-57867
1559
-51668
-17526
6240
-39694
-84373
-75127
58491
-64662
-35331
60451
89298
-70615
80989
-44804
48003
-40787
4339
86166
-84346
-35182
59546
78637
-23771
44867
-77752
25014
49776
5001
-43481
60908
-87147
55788
93742
-8852
2511
-4346
44783
15522
33286
-80813
57319
26673
-47243
3407
29811
86878
4930
55436
-14756
12653
72395
-13986
56156
5926
47383
-71744
30926
85802
-4773
27262
32680
94608
70113
-17030
4703
50497
-20523
-40992
-69257
89719
-64491
31701
-98674
82113
-60043
-12211
-35403
-64
-51399
30746
21424
-36510
-42079
47104
37885
84184
-64372
-15355
-57092
9533
-66782
-36251
65194
-15316
-37816
45215
25455
17831
14232
-8773
82445
88881
-88334
34353
9179
49898
-33411
-54516
38225
65030
-22922
-60558
-40153
-44001
-31008
-70723
-40527
13498
92223
-88609
41023
54728
73083
-11967
16664
37909
-7458
38439
-89303
11092
45029
-81123
-55100
74050
51481
-49048
-30107
21114
10321
-19290
76157
58138
-34449
98299
12441
45267
82591
-7320
3758
36346
90370
-73189
99473
69706
21732
97969
-15422
-72885
-18731
-23112
-88297
-21128
19865
72443
59633
-92235
-5070
-48653
-45122
-74779
-21364
-70213
22175
61154
48136
-74166
27455
60672
21956
-59134
93579
23375
36203
-12279
-18166
62219
-72754
49673
-20439
64362
94357
53357
80417
80079
-47692
-62319
14297
93932
74297
16660
-11936
72035
495
-32882
-41701
93776
47752
-10497
-978
14312
-96515
9733
29812
-7770
-1748
20590
23475
-53098
88596
-36812
99586
-4429
-68464
-18076
23174
63872
-91823
99022
-27710
-18197
49176
-61467
14901
-88301
78684
-91056
-21444
-63430
-63745
-20470
-8530
-13839
9370
-96002
31279
-6873
13828
-79203
86523
81931
75850
28335
79691
49797
-21192
89421
-17523
-85988
-36025
31997
-37265
65513
66261
77035
92028
-5573
15581
-84547
42022
-43342
9133
-75600
-79056
60029
12964
618
-31376
-70741
-35575
10408
-79653
-70763
45837
-60959
91897
54438
95218
-3125
-77230
99605
-42230
92569
-79146
-90790
-55892
45435
-68945
5461
-74008
67580
97909
35910
56370
-68848
-22026
-56829
-41362
-35240
99582
39110
-87835
-1372
22976
98617
19817
53310
-37304
50298
67466
84115
-42855
-20854
30939
76886
-81084
15545
58269
25863
-66871
-32544
79424
-33227
-61816
-42166
-32597
34954
27207
60049
-15648
46604
19279
71401
77918
-91628
85686
-59144
24857
-81813
-10732
95958
-86154
70592
86239
-3561
78580
91836
7218
9716
-58889
-8230
87665
43311
-33989
34435
-46581
53020
-75705
81416
20036
96875
-38239
81529
48224
60453
-75907
5390
45753
11602
11062
-96217
-87886
87628
-24190
-48428
-33637
94196
-61242
69408
27044
-8691
96342
-49896
80809
-61489
-58314
71923
26788
-41542
15248
23762
39157
-16329
-18301
49113
-74151
61292
-26870
-24042
-58930
13892
54089
-42774
90225
-60703
-14517
70145
-49620
-19227
-68538
68734
20119
-49844
-38591
46484
89732
-39460
-97360
91224
-22528
-87763
-94392
95567
-915
44423
76811
-51627
-75184
39824
-75897
76254
-5592
2998
-74862
-19722
-92269
-4280
58976
41719
-47036
11188
22876
73053
84112
67160
64031
-81559
24023
46559
-6733
-27986
34433
-12229
39790
-94589
30068
-2943
38295
-80370
80354
-98599
-12298
12145
-89472
30188
-55044
87269
-91782
26959
89178
-45600
87284
40485
-51716
-42914
-65901
83886
-32554
15841
46285
98996
23078
9566
-20944
-8488
-18681
44402
-47310
-42875
-64133
-42066
-43044
80657
-89144
53366
-87647
35490
-33589
-69462
-24569
-1745
-38174
-74181
-8896
-48559
9592
90578
-68334
-85122
-79003
90188
42673
-89104
4872
-65935
-56804
-24860
84633
-74135
28419
-18406
-23384
-81791
22216
-85703
-33516
48422
45801
2212
4112
-89037
20365
98050
-88634
-85029
-78991
96534
17630
-3571
-30718
-34522
-66052
-51855
-35197
-35255
64264
11670
-5621
-50661
56612
-89506
-25687
26683
-52274
-71792
-63734
-86893
-9929
89202
11444
-47580
18067
-74732
-78163
-62476
-64087
31656
-83978
-37542
-33961
-55998
89263
-45392
53411
-82053
27313
86705
8863
-12955
41911
59403
-12724
-4305
-84660
54311
37819
-38549
-73800
-36058
86511
44915
45218
4529
-65497
14518
-4285
24768
-71593
-56698
-50547
1138
-67559
3691
-73279
-624
27055
-72084
79634
57266
-36456
52228
26677
24900
-34033
3180
-89103
-95745
77521
-31414
-33676
-64765
78058
80449
6621
32821
93149
79604
-46484
-69031
81768
-40157
-91109
-32931
-9920
-87945
-77150
7603
-79670
-17756
87093
90037
35346
-37900
67520
-27393
-74640
33303
-21695
159
27787
-36518
24374
-67736
23265
20153
-89118
89503
-43843
71551
45764
-3698
-62108
92353
-4338
32758
15710
61830
19838
73134
-25035
-13163
44199
97205
-88259
98339
-81807
-42417
35367
-48349
-25287
92006
-2239
56061
65672
513
-33756
-343
88136
-80300
71038
-11228
40327
-37079
10399
-2925
46883
26350
-6941
6161
95286
-4008
93978
-7223
-51966
75735
64550
64815
53737
-32309
8306
-91440
-86354
68624
-83997
-27653
-71695
36448
-47919
-44648
-1594
-51541
-57855
-70857
-1676
-6327
-47851
-45036
8824
49479
79711
-20982
-52927
39710
-97116
-46318
83728
23522
70145
-43486
38552
-98202
-6191
-1070
-95019
44592
730
-5962
-55012
-11975
23826
21515
45934
98859
-89200
55301
-10704
40655
-58766
41675
-84987
-43742
-29486
-83566
-87722
22492
-60368
25283
86928
73317
-74676
-72664
-20497
8586
92485
23412
-87195
56799
-45409
-48469
4528
-21008
11730
30004
-93854
37427
83199
-81672
75033
85397
55096
-294
-28713
83403
-74749
86020
69573
-45310
-61606
-67309
77844
-14863
-11362
77610
-24252
25373
13285
70683
-78383
43630
67498
-15508
-67597
56996
-89507
56046
24973
33947
15500
47870
36563
-57116
17176
39641
52927
89089
88844
-72973
29375
-27455
-21121
74163
57139
-93468
-70977
34773
95831
-78805
-41456
13159
99940
86642
82324
93112
98888
-9382
59557
-57821
98504
-35527
-73478
35207
-59224
91711
726
-76328
48621
15046
64927
-18308
-95516
6880
1576
-33899
95826
-24509
84187
-59311
-91376
-87953
79472
27588
68616
-51268
-34881
-2613
-87567
-26324
57286
4345
-78141
26238
-44027
2677
84413
83526
-18834
-68593
-37578
63160
46083
-35825
46586
-38680
91932
-70937
-1145
14144
-73616
26355
14819
2376
20482
-95003
-58162
-34357
-57204
40340
-6363
83048
-45738
15805
19281
866
-10
1506
-40513
7902
-35993
60942
92408
87001
35378
85860
84653
-71113
-80710
70962
33729
-92899
23672
-39801
-31928
46846
-9000
42700
-92835
94634
68053
80247
-66156
33839
33804
10346
-30355
42084
54752
-44715
-23134
29372
94619
-33254
-54629
-74080
-66125
-23663
-65737
-29701
-34686
-52075
68825
-28219
-98784
-29550
25171
-5905
47798
8759
-32303
57056
77641
-25420
-76647
-74830
-549
-39399
72541
30140
37707
19489
-56946
78614
79934
-58392
-89857
-77136
79561
-13621
30204
88382
61754
80631
38492
-56440
-61611
45432
-71261
-96154
29307
-77650
31702
-57724
94412
-28633
-74011
34320
34144
-84795
32107
20200
15672
-22579
-677
-21341
-98820
13729
50976
77661
28333
-3614
-13160
39180
-72947
45898
-81355
272
-46361
33434
-23050
-98812
-14957
-69468
10887
-13666
32761
79575
-53810
-22746
-28881
-44535
-19483
-11683
-9676
-39995
-27874
19953
-49306
-29272
-64629
-6906
96526
-32683
-42088
-68834
64938
24142
-837
10328
74883
-1711
78238
34582
39300
3856
-14024
-45248
86023
-19094
79335
46425
-23783
-44482
97728
21098
-73521
69049
17988
51464
14378
15348
95408
68746
93435
66934
-29207
42846
23315
7222
-38302
8499
-21970
48381
-75700
-70114
50889
46702
-40187
29867
-20847
42458
-91279
-55541
17834
-63998
-29949
56135
12310
71547
-70372
-95652
-85463
85362
-40999
-98614
44301
-87034
50360
-50682
24373
75541
-79821
-59795
67495
-22423
42454
-45055
-41146
-68267
-5844
35544
26476
-68880
27967
21643
59496
26746
79440
66170
4791
29041
-74483
74669
97668
16492
-5277
90675
-5105
-84317
34844
68024
-84958
-89708
-62664
65059
-46246
-15837
-44959
-85786
-98255
90490
-13943
-66436
-16553
-76608
-61085
-69343
-31924
-38463
-49319
91722
-66996
84425
82691
17263
15064
1795
-6067
-85452
61059
-5333
28463
60270
47877
-9701
-59719
20236
-5649
69757
86566
13383
-44329
39687
-82980
-28460
97699
2201
64078
-42761
41299
-69052
18144
41037
26806
65977
-74325
-93640
-6983
-92049
-75847
-37261
28300
29222
17564
-15048
-75852
-1322
-38601
52015
-52274
39986
15561
-71863
-89568
-42479
-88630
-62927
58406
32660
-52411
-87648
-73303
-37846
-80345
88949
54924
-30905
70743
32221
55802
-85267
95769
55580
-107
-97075
-26923
12225
-6585
-20937
23076
-81626
-85223
92124
-61063
-38480
73449
-9032
6363
-88717
-88617
41928
63196
58026
90630
-32089
-16997
-19609
-81791
-43193
73267
13843
-64747
-30975
-9207
10296
82600
-37631
95377
-95040
-98890
2639
-18097
-22884
-78400
-36201
68651
-21382
64880
52084
34387
96599
16903
-32211
76084
18765
97787
-44437
-74138
13627
-81873
-40730
-20017
84116
34457
-14562
85485
6744
12154
91023
73816
75172
46960
-36869
-12047
50134
-46372
-59491
-63723
-48343
89005
17617
-186
-61760
-4417
-55850
-95699
10527
86082
-65642
-10694
-37179
-15514
-77084
92865
45417
-94624
-36815
90227
-13894
71089
27761
-1261
-34707
19568
90565
7066
52040
60221
73241
35427
-2083
-43930
45643
45613
-56001
-91346
-51761
91392
-48431
-2415
-40451
-20150
-62350
-54694
-46290
27744
-29913
-30239
65187
77270
39857
86378
51307
19855
98985
-34726
93226
85124
-30080
-1021
38548
37974
38268
73515
-69693
53929
-77263
57818
-42971
87029
-65126
17456
31152
6730
-40402
14129
12469
-99064
30499
-65864
54752
19239
-66097
-83772
66336
11923
69120
-20853
-93233
-33959
83423
2452
48224
-71654
8742
-61925
-83206
-9824
37063
-62086
78757
85873
-14272
-1543
-1741
1614
8203
52899
-63832
4262
41678
27434
82044
93523
-93463
-59510
-13094
44701
-8000
69974
-38006
-55047
-2433
-54639
52492
-67301
-71530
-90481
-64787
-26543
90039
70877
-8810
19024
91060
97184
-34411
81165
-64390
-1331
-41447
95270
97695
61123
92897
-12541
-2425
6360
31864
-1174
-65941
-34982
-4197
-37430
-44005
30870
-4714
-28354
-87045
-65781
23461
85032
-62410
-64188
81950
-92154
-33265
32341
-7774
30573
41973
1924
-57460
63268
31458
9705
3582
62891
81717
20664
9434
24616
-58458
10249
8651
-69158
88807
54690
-91774
7850
37347
72401
-89111
53722
-36026
-18957
-91217
95546
-56756
66383
90915
70878
25412
-11147
-51348
89370
-12023
53685
11816
41038
78953
60264
-9956
-74817
-69022
-46963
-97491
8044
54221
56573
36670
32721
-74138
-2939
-67220
54483
33070
17050
-40366
87884
-45325
-63257
-45595
48838
72634
76879
-31882
-6908
-65128
-5497
-88974
69729
18189
69100
-65809
-74581
-41285
-39428
77063
-21932
-22161
-73628
64351
21788
-11643
40617
50424
-62100
16972
-30026
-70452
-99595
-83412
6948
-27203
-2680
-40788
-48648
44503
-24138
-23535
91164
8746
-89064
-51852
53125
64870
-53317
28007
9781
51421
-68044
498
42481
84592
29137
-79625
71402
-12129
99381
85716
94795
-1148
-94080
-80982
-49069
-19698
-52170
-42344
38400
-85176
-68110
-19424
86586
2311
-64463
-38201
20362
-6083
-76854
64088
-88875
-6486
58003
81063
651
-46868
84098
52892
38855
-54954
-4229
-74692
50129
-10472
-99683
-16526
-90709
-96222
-5096
-17715
-54956
-69276
99979
92095
-1871
73624
90143
-44460
-53093
-88138
-74593
56457
-68172
-58187
18639
-72206
-33710
11961
-32445
49156
-86450
-87400
-661
86021
-49545
-56383
47447
11355
73238
-80451
-51352
7272
5064
-19671
-11311
26654
12921
-46710
-45391
-30456
-93756
-61065
-67814
-40250
-47039
317
41046
60274
-48632
-11612
-63537
-77643
99978
-33125
77191
83140
30183
-4991
-36686
66943
-94889
87353
-69973
-19837
99675
-13882
-56803
-37152
-74963
66173
-18889
88439
83199
4594
-4892
-27883
24988
-34782
-20923
19140
-17316
38616
25464
43471
30966
38465
54071
-12011
13893
86521
-63841
-69322
-15317
10613
81322
66864
-56020
57046
-44604
33499
-47235
-32104
72897
-80568
13550
57391
-85360
70631
-53300
34291
27919
-48872
91487
-14318
-55863
-99329
8418
-40119
10530
-38113
32479
4627
-61671
-89665
41991
42002
18864
3443
38728
34424
12789
66419
-34667
80388
-20145
-49615
-72125
-2705
51875
83793
6284
-38318
-82238
65293
-62179
-26381
-39801
-58993
10644
15668
-35547
98459
-85816
176
-13822
99209
-91134
-92517
2585
-74896
22282
98232
-12132
91729
-76001
82825
-35040
-13751
74582
-40934
94112
2660
-36331
-58732
-35162
62515
31408
8779
-80915
-32456
-37882
54987
-38880
-86839
-1446
-70778
-93675
66938
-5026
50348
-4228
-94745
46515
-11931
-14732
35729
-19374
89825
61431
15382
-59083
-10066
-72
-22043
-92684
98631
51802
3616
74574
-40129
-1461
-66469
-79458
8255
35
56211
13667
-8006
44693
-40734
-56623
55659
-66749
-78523
-57445
-62530
-88291
-20314
79020
39436
-71227
96333
45262
-18438
-58913
87228
93408
72573
-75371
65430
55596
36566
-3816
10901
-20229
-86664
96393
42144
-66643
-40844
-24737
58798
92866
-16864
9683
97216
11841
99010
-40441
62293
-49854
83744
64612
-51642
97129
6115
-71470
31565
60822
37842
7340
-9335
-65948
-95601
7672
66744
-86129
2805
76210
-50427
14337
90562
-62656
-88068
52555
-73525
76133
88558
76751
66769
83482
68872
-10097
-39962
-70558
-92484
-14170
-46498
54397
20726
-77616
36859
-8160
-49067
-88960
-51915
47664
-31954
-40376
-45209
75407
-57813
39285
-29020
50306
30120
-24263
-77349
-8269
-52841
-27081
-68115
-96859
7914
55045
99546
-48969
-17246
-9745
-87281
-17792
-29720
-64664
81227
12479
34270
-7993
-356
-11035
12820
99696
-4285
-68467
18546
-43437
-73125
-28064
5752
-97576
-90954
24742
-60967
39479
-32546
-4234
-24207
54835
62266
49022
93407
-20358
20664
-17078
-20156
12124
7241
-75679
83296
-21082
-24891
-31736
-2746
12627
-29800
75463
-89704
-86177
-89394
-27988
92806
14095
-34190
45091
-36858
-14676
-57166
94400
-76530
-69645
11962
66472
-15294
10833
-77451
-50074
-89874
-42784
29112
-15985
61663
-65724
64759
57795
14401
-56709
2416
-5760
-40241
10505
-73484
-78905
49663
-14852
19270
83457
-54629
23140
-28504
-86510
-70062
-32472
57475
2268
6554
41997
-76358
38090
85819
86825
-45711
-22098
90298
91900
18770
-69516
-70067
-9350
-64689
-78518
-55590
13890
29058
-48727
39242
64566
63297
21634
29001
12542
42291
82785
-72830
-30336
-61293
-38734
66269
7255
15589
-66883
12479
93867
47129
-87486
79455
-47256
-72493
-11908
51865
-19742
-10847
-84110
33227
29727
14794
-98212
57663
38048
-64797
2792
82753
64213
-49718
71813
91017
25243
25894
-94730
-58362
37783
62069
-61225
80424
91054
-33193
48867
34900
6806
-92228
-45167
26827
10064
69441
19892
31899
73332
-20732
33362
-42376
-5706
58278
-54893
90132
84913
-2583
61662
-21635
39080
-72659
-52199
-26765
-84982
-77354
28661
78972
22191
42960
-75098
-3439
83828
-64950
96076
94781
40932
-27560
-91634
1026
18223
-59918
-65626
3927
-16532
88702
63889
-49550
8863
29683
36919
-91412
-42579
-87203
88556
-15235
-37042
-35830
95177
6115
34991
75768
64432
319
-304
62229
87664
39030
56418
-70435
1126
-70358
-69444
17121
-47047
-74836
17607
1108
68944
-97862
53693
-67819
40646
46652
53995
-53425
-29647
48736
40915
67337
89832
-10344
-12720
-44842
23773
22602
29177
-4997
28606
-45324
52503
34935
87130
40603
-78009
95287
10782
-15808
-49817
-30705
-58858
-17345
-69427
-38790
18925
43484
33400
32463
27543
-47465
10503
-61744
-75459
-94445
-77314
-42855
-2827
40226
22027
-26768
-29980
-47942
-96694
82151
-83775
59907
-71105
14004
-62766
30387
-57922
-89161
19080
-48583
38839
-65802
-32469
-64734
-87566
-11557
11874
-58779
54893
-45744
-92047
84724
-53332
51540
-888
-50028
-84041
-2637
-32722
-17529
-28144
3823
-28070
42296
-64833
-83470
78738
1997
94449
-37311
13860
-98052
-58525
-16219
-10306
68648
13728
1458
88078
-88479
79935
-5686
-20605
47337
175
27478
-50229
97033
17818
93989
41664
-33707
14785
89058
-57120
-26877
-86267
62826
-80601
23967
-86469
73225
57269
-24536
88566
-78935
31474
-38010
72418
93971
-4732
-32609
30053
4684
-61557
-89312
40558
-70299
-81747
82567
76041
33068
-57072
-13809
-84009
20841
-70095
35731
-84582
63852
-35345
-47054
-4612
-21457
3555
31318
-54545
47192
22908
4095
55229
-87814
-4177
70502
53604
-72534
75021
5685
52560
67766
71935
-89558
64504
62839
45585
30081
71121
-78573
-31785
85135
36591
-39807
-95062
12195
49096
36014
35681
-14698
63792
56088
43093
88453
89861
39720
42348
97738
86069
50798
66431
58657
-44389
61320
-71645
-47856
-771
-3681
-45089
-59447
90484
-31831
6632
48002
-54830
61895
39156
-93687
-55834
58047
-2825
-32440
43011
13501
78080
95859
-44760
-55367
62550
-27195
-4512
-47558
56132
-4087
-79172
-99518
-57423
50951
96961
-75618
59154
72998
83338
-36207
-36693
-77982
78797
13921
-8517
-76396
24413
-94171
39628
84551
97692
-37235
15824
54560
4562
-98918
12115
38033
-93862
22866
-64758
78436
92268
-687
49611
-80278
15179
-36328
36435
-41709
-69436
3305
44765
15241
-19298
70005
4475
99968
-27495
-41625
-27700
94486
96369
-39580
-57627
-46053
-50756
76632
-35529
89217
93157
-17940
91372
95032
-43202
-17638
-17634
70389
-89391
-35062
-89513
-40719
-60466
46345
-9933
12596
-79738
-50457
83534
-30080
-23161
96937
48415
-73209
11519
-38015
-79854
62075
-76299
63412
-88312
45390
-82299
82946
-24726
-74896
49512
17072
-64055
53144
68361
-69934
77911
5121
-87976
75252
25330
8734
-53070
14672
22261
-60731
-88115
15092
26671
74243
-36710
7369
-72220
-37934
40543
58709
19588
80235
-49670
-89741
-6134
90087
52990
-10231
-71873
51413
-96562
15938
10755
40102
-23573
31570
-32201
48543
3813
86224
61181
-79275
38377
-98289
-54696
87486
69790
5871
-11972
-33228
45444
99553
-35422
-81094
97018
34465
21170
-51699
-64455
18948
17440
-17933
24458
-9845
81498
9782
-22910
-11256
81112
33039
50172
10120
20237
49663
-95068
-77933
5728
-95862
-52784
19795
18991
20107
-11016
-70566
-40646
47724
96661
41364
-30839
-84082
50962
47608
96511
-13132
61533
59423
7977
78120
71143
15480
-97860
-38180
48517
-71739
72269
90200
10259
41630
98444
58669
90369
-81361
35529
27093
-4605
-5574
-68657
76719
47449
-54912
-59829
-47411
46762
1631
6946
5772
23447
-35765
91753
67607
82753
5503
-47580
929
98028
67154
96890
31902
14079
41928
-35922
72983
-75765
7829
39132
-6167
-7336
98832
-8702
59233
-33279
92202
-70625
-5224
22653
-37852
-67578
-61671
76411
-94921
-22077
-73902
65022
-4077
16993
-35823
31855
34250
-29841
-20572
-93096
66738
65038
27203
-18189
70683
1951
4790
45051
72198
-41264
-94906
90761
-75980
14480
-31095
-98048
19092
-54082
-44443
-55596
-43875
3742
-39826
20937
-40028
53573
31094
-55967
94472
-29463
-68506
-40735
-49251
49624
95294
19897
-17580
-56455
32475
16803
-35118
-6021
89928
-74505
-78348
44919
15509
32964
-65042
7447
-13315
-94684
-23102
29191
56292
-21654
-28762
99942
9902
-96785
-34021
-30181
-72756
91337
69481
19853
-68203
-8630
-99747
-43455
-6688
59421
98882
-12930
8673
-66315
-13468
-49064
8936
-82854
-30146
-82415
61792
38778
-10631
-95799
-63559
50961
19093
68404
-14813
27662
31719
-97415
28574
55822
77050
42173
-18018
-24832
19060
-52933
67700
-68714
3555
-5852
-19191
-11721
38126
-19837
58307
-19171
-47583
-17054
-71337
60447
15475
35560
61563
9550
-68681
-28040
-43716
-85461
86431
53903
31675
84221
51602
99725
-77125
-40903
-68984
-77472
64226
-83618
-68333
5695
60838
-83787
-70084
62677
-60311
96804
-63303
-68393
32715
-45912
-34602
-9779
12213
26804
18125
-88219
-17234
-14935
-13623
-43347
-62973
-14046
76145
-51001
-63892
-4030
-3199
78198
38826
-26147
-96645
-94376
68964
691
84932
37770
-53759
25602
7828
22984
59920
-9516
-94155
27081
-54743
17745
74715
-42262
23957
-91090
54668
89606
-61934
-70652
-37729
84041
80571
-62692
-59900
46237
96908
75221
74120
-32381
-4656
37761
-54974
-33586
6206
-9845
30207
26492
-74448
99271
-82474
-76171
-81756
64692
-76911
94866
-93300
-12717
-69459
31710
43502
-64786
-77970
95930
16286
53604
-5164
98845
60110
-10273
-58605
3825
-9298
-23977
18205
15079
-2154
61542
92296
-76400
74028
66831
-92228
-89588
67936
39962
-14492
68330
-53446
60225
51630
-60280
50478
98251
-71911
44151
23106
37568
95641
-98384
-46719
-93535
19128
-58472
-67771
-28845
72428
95077
-74874
69781
17984
2266
95938
42988
-91214
-75051
-37925
-6416
-54613
-654
-65510
-84609
-91979
39862
-79414
-85319
17055
-41397
5530
60186
-69287
61026
7977
14844
-49452
-74572
64502
-64587
20918
-25163
-66117
-34166
-77807
-44738
86830
-5007
2346
49931
-60504
-55631
9716
-261
-57248
52933
-88546
27714
-60240
52217
64488
-13449
18717
-66923
31970
55085
22868
96074
83477
-1823
11010
-68719
-30188
5933
94351
47319
-39197
-55860
94381
62947
-63901
-91716
22495
-42697
-22365
37022
84816
54165
-86638
-21698
57350
-29468
-89349
-38639
59568
28477
-64416
97424
-58730
34240
-36995
67979
59651
-72351
7440
-25869
-41918
-61802
-77797
6550
21141
30695
14729
-79525
-95363
35808
-35967
-29662
96980
41115
24808
-63936
32115
-50892
97848
-93362
-68924
-6254
51173
92185
64529
-32959
-77370
-7782
64324
2156
-61221
-51305
94545
85370
-775
-80277
-85923
51884
-86594
-24419
-66673
-33385
-43054
44061
95252
39386
2896
21400
-21485
-43214
-46321
-81530
85123
-43717
47143
-12659
65607
-13449
96954
-37599
-40930
-25913
64239
-57734
31533
-7406
-54275
-38664
-42450
-77694
-50536
70337
-1484
-57509
44786
58338
-24547
98437
-6937
-68573
-10172
11350
-29447
82020
38662
-87561
68327
27321
35194
3429
30913
-37989
28743
-52231
-16028
66207
-43462
-3491
-6565
-95787
99165
-62927
98679
74580
26182
-91154
83269
90099
58712
14287
-33562
-70372
57370
79541
-43792
53282
15720
86669
-95843
-51754
-59527
-29275
23665
-51165
53351
35388
77246
85836
2690
-18315
69967
-98104
-79749
-75559
64695
-92226
-42293
-96771
50782
13743
-32551
-32534
-30204
-70048
-50135
-25488
-69033
26642
-48001
-36683
40994
-83569
-13167
4273
96650
-56777
80272
27225
-36921
57348
-65588
83381
-5789
25451
-4687
21923
66469
-58569
49815
-95195
-72425
47471
63737
-51494
-64491
-73543
-16503
82943
56280
-47591
-67761
-24448
18082
-37194
10682
37800
38780
86697
4436
33082
-10428
-50778
-1978
93795
-61238
-55521
14077
87085
93921
77820
-66742
34475
41563
-78875
-907
-63128
-74850
-62833
9665
-55992
-95351
-29326
-78863
-76287
76964
-87646
47897
55134
-77558
61187
74175
99684
-11432
-95730
-92683
-73188
81765
-97693
90909
-20645
-69179
31630
60125
-61086
-12457
38861
-80821
23649
49304
-38182
-1609
6707
-99724
88339
32968
-99878
-85616
-26100
35116
24389
-82826
7822
-52402
-31804
-94562
-54462
-99365
-26115
-4324
-77545
28764
-94484
-75111
-15615
61698
-70902
-75911
48932
-1892
17756
-69658
-11742
57300
30290
23430
24021
-50874
-53971
33197
55587
26027
-17498
23525
2808
-94230
-34330
21108
-7888
-61597
29801
47164
-15241
55391
-59359
-46467
-50350
-3292
61010
-54469
64593
-71612
67749
89916
-81308
88679
-88455
26159
-1426
15421
21358
-35831
54908
94660
3401
39304
-46337
-68948
-14700
73223
4435
-46746
68586
47673
70163
-81412
-66537
-34614
-55317
-63631
-68263
13053
2663
-39695
62347
-44301
24492
-46295
-65554
85040
85264
-9777
16460
-42529
738
30951
-8256
-15198
79799
-67771
61320
82548
41350
97172
80420
-13093
4296
28795
-5337
76055
18878
-53070
-77729
241
-64145
-22941
26787
-63347
44898
96487
-16994
-88507
-58187
-2236
-34734
54697
-91754
-59770
49283
-71043
-30446
-32346
21059
-36665
-84125
94401
-61673
96028
71092
52190
-20405
32153
79038
98477
-86430
26766
85809
-84194
97165
13474
86676
91540
79741
18695
61364
66779
-63619
-52372
14411
-66621
16921
-59366
8717
-32702
83208
92486
-56250
-29646
-87819
47896
-83293
34198
-79716
11407
70534
73488
3903
-11575
27037
19098
-67542
-7799
-67351
-13178
81249
-74521
-49487
-14863
765
88914
-17363
25201
38329
-88310
4885
56763
-78934
-73626
3869
71024
-84029
91974
54775
14808
-63348
71520
-39449
-35688
22329
65664
-74040
-11341
-23515
22910
-61095
26796
58674
48295
46709
7657
-84794
-33477
91186
11401
-11362
-34152
90108
-48770
19390
-65010
86876
-47000
54909
-73492
69370
56888
-1687
-21702
-45504
-47099
-93432
-9054
98548
91204
73320
11085
-6806
-8617
-70348
-52435
-70291
44201
9164
-9909
11255
56190
30036
-55603
-77978
-97071
54373
-91762
64846
-33607
28143
18623
-62554
-5823
34662
-63550
7468
5240
-95621
-34912
27952
71160
-93858
-80349
-96491
-80420
-27014
40852
58071
97571
-96404
-9506
94313
-61181
92138
42077
-8763
-32140
-20173
47925
-37962
70844
-31391
-47136
-12270
-46475
-47413
25823
6969
50747
-37792
75211
64069
73326
-97565
-62208
-19879
-79454
36187
56127
-80630
290
-70388
61747
30486
18065
13188
36906
93803
-96836
-37847
-57847
74746
4246
-39119
40732
-7492
48482
98691
-99699
-57572
-26654
15864
18519
82112
95803
63397
-82553
67347
-16573
-63688
44348
-63367
-12852
75997
78342
77078
-83816
99242
-55660
17859
-21525
-42743
-82438
71853
-94672
-24948
-90858
4407
-4800
-90155
26486
-82440
-65969
85371
-71314
-78655
43527
52845
44732
10407
78140
53834
-53448
-97738
-29121
65250
-11472
-74716
47469
-83711
-74468
43993
48075
40153
54702
83682
-25714
-60158
-41246
-26229
-15795
21499
43909
87938
-21358
-39129
-76287
-94282
28480
93404
63213
-74708
-21074
-76681
-37486
-95883
56123
77034
-44474
42883
74810
79185
53723
94912
-1858
-56954
93730
12929
46352
7236
32772
-7912
-56746
-36818
-24102
-66607
-59870
-98796
73854
88748
-2170
14315
59173
-34222
-60415
94313
-57345
82981
7260
-13119
-51196
76632
-9386
17344
9739
23219
47876
-92823
-19812
40245
20611
-86734
-18011
56765
20110
80380
-27373
-67620
87723
-98024
76709
8254
-30163
20863
15240
-91506
-84814
99292
52904
-56233
-99925
35390
77308
21387
35386
-29043
13669
-35366
24438
-76849
-8286
-90133
-8650
39559
-2753
-43327
-39767
-61663
-56031
-98475
37539
81941
61903
-52410
43750
74681
-94476
-60600
87531
-95253
-4053
93276
8147
-8485
-59787
45753
57640
-39885
87092
32783
-84718
89563
1317
-68544
44196
49057
71287
-5449
93215
65053
-37482
-49273
42249
-82162
-81077
-79099
74446
91246
33917
-92304
48237
-27533
-53249
-62547
-57455
27576
-83740
75601
-99883
26801
86499
82888
-82202
-86722
2400
-74965
96484
-2117
-98452
40332
-75755
51232
97918
-15834
-19247
-15808
10414
-9597
53554
-69291
-54042
62914
53133
-39421
-76737
50705
10442
-56986
-34487
-75099
60011
65150
-55184
40733
42143
34779
-22250
41670
6847
99916
25981
14730
25845
90675
21431
95928
79703
-54428
-42850
96251
-73265
55436
67504
7140
-35566
9679
50828
18837
10307
-18786
-45684
89948
96612
76532
-15483
51605
-92972
-38658
-2008
37564
71217
31478
85198
-73174
-69650
-52069
34517
42224
18834
56409
56066
-46503
85349
1484
4941
152
-21893
-23064
58430
-65059
-813
37683
-59690
33467
-24837
-45934
-98604
-19657
16580
-98705
85231
27905
-85094
-30316
-67968
94031
24385
67303
-26572
80765
-19493
64034
49284
69645
-38358
75438
57623
-83787
-48968
-83646
-17617
43321
58683
62858
3958
-43150
27243
88244
-29707
-73317
-94955
-13475
61805
83398
-51591
72208
61988
94674
-44174
-50942
18151
-44552
-96389
-29026
-51443
-13357
52353
-58352
95080
94611
2128
29643
-47168
31612
-43995
-24988
-2710
50842
55927
-97653
-50940
78530
75826
-79862
-77875
57256
-79598
80155
-34673
-14120
-57751
-20797
66342
67897
49563
4392
-67694
92674
98115
-78147
53071
-16129
-37728
-22161
33405
-17236
98651
-4808
-56597
-76065
-10880
-12062
15890
17430
97340
87493
66904
-33749
-25479
34975
94447
-2301
13272
-17397
60192
67606
-23816
-62870
-80894
-26094
-33559
-95575
27171
-46770
-22346
89242
-49080
-44283
80101
56217
-34353
46825
-81003
22188
-68493
-84024
-16236
-20933
-74119
48220
55329
-10242
90238
-68310
-89243
24790
-31918
-80503
39786
78195
96351
-55973
25845
26615
-18426
78557
99598
14294
-46639
68169
-56675
61862
-92707
-21726
22864
-99168
-67440
-89566
46600
-98182
51107
-77118
47185
-64852
78512
32739
-29598
4978
-14698
-60324
-19778
94452
-92461
-1634
5071
-49507
78850
44317
86386
-72985
-90433
-42427
60890
-34786
30253
36593
635
-77478
-89309
22208
26044
18247
-83357
-29556
67323
35316
80262
-33513
34173
-41299
-60127
-44857
5806
-77294
-24684
-88478
-99942
-24495
-44269
-4177
12944
8206
-78631
2536
-25756
51176
74143
-96560
6498
35777
-65788
-15422
37032
-61252
-62856
-60434
-9364
-65868
30667
-47575
32372
68528
-86412
-51896
77580
62493
37244
-69674
-51881
-18792
-42953
-89744
-52014
-29735
23767
-8254
-19522
-79408
52281
61084
50886
27069
62477
13866
994
24033
39666
-4346
-9359
-61178
-27247
60446
7909
81222
46507
38981
36633
-41568
-49228
35777
79282
1571
21299
35798
25855
-6596
98191
77633
-28613
62639
92764
-80413
-78014
59966
-28156
58562
86106
94493
19416
-74638
84464
81681
-1727
27010
93582
49573
99745
64863
68634
-9382
-90898
-58939
84285
78281
72970
97061
-7026
34288
65517
-18147
37813
-9430
37919
-37339
-3534
-93592
-85349
43372
-89229
-64205
-46909
35688
-34270
-89342
10860
-68438
-5451
-73961
-96077
91693
41407
93861
26813
-519
-80224
11721
-913
-36613
-73444
-23859
-78600
44221
68506
-93793
3277
-52287
-33134
91636
45376
-16557
-4743
-34694
65254
22422
-17277
69303
-73792
-50112
-65459
-64784
43663
-5313
-87673
5477
52456
-60862
61571
10859
-78446
-52191
-49758
-69397
-15719
56707
90169
-17794
-45352
-3130
-4568
94049
73001
-95587
69436
65387
-38393
-43127
1850
48628
26110
33172
93055
72855
38930
15585
-41808
18920
-40001
-4720
65782
-45820
-43935
25797
-85601
23806
-53672
-29686
44398
63049
75674
-38659
-84130
-76822
65483
-20719
22307
12762
48181
11454
-27560
-78236
45169
7379
19724
47454
-92293
-63516
2481
-3333
-79667
48147
-49015
-75127
-71352
-98378
89876
66016
51616
-70449
-21247
-38987
21839
-25310
47027
-13244
55968
66179
79593
-42680
10495
-37133
-41288
28563
53289
69034
46931
5918
-66807
-81580
-70363
-56199
67893
-48545
8624
76614
-17576
-2109
67020
-95751
72190
80760
8784
48420
66256
-23876
72049
10788
-59378
-43123
49453
-67043
43577
40381
98888
-18324
-42508
76451
5354
2326
-11697
37968
3980
28061
-81280
-59978
-75930
-74846
66061
-55244
45858
10209
-55538
-78398
-9921
48249
35196
72627
-35429
75805
-11888
37547
-22389
64205
-97015
-97366
82484
-9459
-15681
79228
15174
35219
-32820
-92264
-49884
-7254
70107
1346
-49437
-1
-97397
-32016
-2279
44700
-68109
63766
18969
85182
29334
-94635
-25158
37885
80220
29703
5866
90110
-61168
-89419
-60077
-60003
54449
82566
-29054
-84327
6202
-39746
59513
27581
6609
5675
-48885
-72939
-81198
-5511
-90489
-9929
58978
-98045
80663
-85300
49168
-49891
84938
-22957
-99609
84580
-14082
91882
45885
75996
-87194
-59228
82395
41988
23440
-68946
10844
88741
-82678
35347
-32280
39923
2596
77484
90076
28122
60295
20219
-98920
45293
-16156
-90958
-60646
23717
-90346
89283
11804
49309
-22065
-40206
9241
9448
93222
32483
54193
-41660
71619
54558
-34779
-46538
61396
40855
-74801
-2500
-771
21050
5999
-69863
61027
65805
-78502
32432
-28614
-77215
53750
-16864
67275
53408
-86333
26262
-70439
76861
88006
16528
52565
52929
31438
50494
27647
34053
-82782
35108
-97149
1637
-62273
-34151
-36626
-81585
-66104
85137
43882
19574
21648
-30148
15819
48770
4679
-29823
-25818
-66279
-88169
82675
-71651
72384
-91058
-17078
-5872
55629
-77001
64669
-17304
-16855
68220
27052
-82658
-89588
17107
-84126
56560
68381
68077
-36657
65602
14201
-95040
25467
92181
-73742
-90540
-82958
-88144
-60366
54766
86167
-28676
-49582
-61826
90310
-20848
50447
-22695
-35312
-7108
36379
-15475
-59503
72085
-67374
-83922
-4781
-57242
-70403
-1137
30160
-68106
13425
94876
99332
-29432
75617
-95968
76852
61772
54838
1436
33113
14272
-44689
19498
12983
39496
-82086
70333
35505
5210
-11763
62624
27647
45140
1397
77217
-50081
-33602
-92421
4445
78673
5132
-40971
-73269
95203
69943
-2278
14142
-16676
11990
-80263
-36055
-69424
27399
-77772
81125
-36069
-73679
-32556
29351
73294
45673
-68320
-84172
81619
96325
88346
49240
17046
47605
7422
9344
-9169
60831
-56894
-98548
-2996
-28303
89780
-15380
77809
-14805
9446
-11789
-34344
55054
92680
964
-23485
-13627
13213
10182
-66340
64328
-79256
90671
80190
8429
1525
-69385
-41472
94113
-85013
58484
-36991
-39765
35418
-71815
-40573
-18749
-61178
-45545
37767
-15125
17542
88796
-35945
59868
-57657
25392
38710
38114
-40091
80052
89372
-39894
94983
-4272
-10860
33852
57007
-58841
86718
-59746
40258
97699
-82972
94166
-56718
94571
41457
8659
9303
-51971
42080
28173
72796
5982
62608
38783
65761
51499
99397
-75385
-60320
89761
-12052
-11435
27852
-26853
21540
27479
46716
-25682
-23576
38938
-46693
61932
-27489
-8589
88781
67783
59354
-91872
-97819
-22451
63256
-80241
-94700
55233
64835
13198
-13125
-25308
59666
-79183
25713
60821
8574
58473
-14855
59459
19400
6331
-92691
13328
93131
-44690
7745
27879
56662
-53414
11800
-50011
76762
-19501
48635
40281
-86593
70826
99792
19562
-49472
40822
-49448
93055
-12912
27833
95317
-84943
-17654
7695
-20226
-99179
4602
98691
-9234
-81345
64444
-17317
-65581
-20851
90819
32139
-24886
5652
-30749
-90796
-41255
92379
20276
33314
-95534
5015
-67311
99296
55292
10616
59082
-62603
-25483
33654
-40244
20289
73690
85780
-15497
-89265
25248
-58390
-43817
28128
61339
-18649
81877
-36606
26245
-98471
-1885
-57318
-85599
-58616
-59016
63181
57939
-3333
87755
87880
-3384
-498
84924
90509
58634
59252
-88707
-26707
80246
-17878
90164
64713
19704
-24068
78097
-46322
-56526
-65070
-63162
-74870
-88957
-35606
-1823
3806
40723
-36739
30518
56087
84139
57049
-47807
-92674
11025
-30873
34502
-37967
-6841
92692
31583
53989
-57162
-10459
85204
-4780
-38354
-82537
-53687
-9625
75197
-75890
-91360
69404
81953
-35290
11885
72502
50068
40671
-9302
27404
-71806
90798
-87132
-42463
75307
14139
-64403
-74264
-28101
68670
-6092
48092
-34523
38951
-14013
29115
-15705
55898
-72970
-17540
15353
-23136
-49861
-32447
-65822
33120
60174
1131
-86562
-5369
81918
-79263
-61955
8400
-7234
2655
92286
35468
-41611
-40255
86906
97398
-58456
87739
77610
74257
-30981
64195
93437
-12051
-54872
88767
50201
63042
-79977
65077
-54870
51543
-64205
95398
-92567
-89955
44105
-54010
87059
37323
27843
-29075
-99498
17013
45564
95491
-33595
93856
-12486
4543
75835
-52670
-64239
8922
-56374
76400
-46618
-36174
83406
-8743
17653
-64613
-76042
4505
70811
-3073
-69282
97986
-2165
61504
-21823
91476
10828
74834
36961
-21228
70808
34346
41134
93603
-49161
40683
9449
92133
58293
-89221
42436
-68855
5549
-96171
-67672
-54471
3658
-64212
16716
50659
-46562
70020
44841
-1512
-82915
86520
-63874
99733
-71178
-20102
-7910
27469
52136
39338
4888
-39735
-397
46296
95997
64155
-33574
-35571
-54023
59286
-85677
-73895
-96544
98799
60463
-55134
96469
91152
-31456
-19934
53419
8311
96044
-61880
6633
-78946
-74323
62535
-35794
-64730
99353
-3155
-98996
18986
-38172
78323
85705
2284
-8003
73488
50135
7242
-97742
-96953
82346
65888
75584
52682
71541
69391
54799
-92589
56010
-13094
74688
36852
-31253
-76798
-17588
-64302
30097
-1149
-20104
58046
-76598
-39910
51664
6266
-18961
-97839
-69187
-27316
11323
-96307
-42470
75046
3551
12153
-79009
81205
54170
-53544
-37268
28772
-50082
-57126
16127
49963
86945
35822
72494
65392
17335
-85153
60925
63917
-59585
31843
-55517
27709
-69425
-92797
29817
-4291
-4668
-79721
95050
17996
28435
-99722
9352
-95045
-86876
-49727
91120
-24115
17867
38972
30748
-12689
53075
76663
-63679
3552
-59447
73360
-25719
93321
-68713
79771
-97537
-7254
9730
88351
26496
61529
20498
-35884
23297
32782
-15873
64745
60642
-63478
-41112
92061
-63832
1813
10497
82035
-7805
51729
87579
-56731
6462
-89694
90717
-79900
-8282
-17327
-80726
3627
-62920
-79229
-87146
26872
52043
-42653
-47672
73328
-94098
-97627
-90841
-86582
48239
-40359
-26052
24629
88093
-21948
5927
97670
-74197
90924
16368
14789
67733
-55171
-92148
-17474
-4471
36694
32985
-7419
88505
90075
90125
16081
57890
-22623
-31184
80560
94693
-10263
-54661
-8220
63794
39675
59040
12087
93818
4554
5229
41587
66885
25179
-47669
-40071
17878
-27474
99684
79407
-16133
96489
40606
-52175
-62155
-97188
-22205
97418
-9571
-20185
-9302
-25441
73376
32537
48417
41103
1587
75126
3972
51678
-34325
70890
-90147
-80496
31555
43593
84908
-53393
24337
31223
47488
59836
85056
-36230
-21806
-8614
-58985
58976
71559
-72740
-72804
-53845
-17495
-76618
50643
-35456
-15660
73075
-61232
99890
-54976
53567
-10898
-4559
2556
-2984
-59894
4341
93540
7375
-83986
38997
-23052
-73025
-62576
45049
53579
36195
20483
-32946
-2299
60631
2947
25661
375
70283
54245
34415
77022
30432
-34089
48016
29158
63982
55102
-67775
67462
-13824
-10078
-15141
-50520
-1850
-84861
75586
78474
-67377
-25536
-51605
12206
-45626
-22562
-86109
27434
92820
-23026
15306
95172
72829
-7678
-67848
-37393
28517
7375
-41964
76634
36909
38791
71298
61468
-54319
53662
96995
-26414
47620
43009
-8584
39241
98596
-91983
-23185
-29931
-21175
76351
54669
-68590
-35241
77969
26142
81160
-65482
98337
-76896
-44167
25845
-11677
81791
93796
-20670
53689
-42495
4756
66307
1438
-40737
-61090
-4723
45239
-77575
-35664
51109
19043
-91603
92801
-98430
58492
-95657
-73987
17620
84805
-10671
-18555
-93231
57922
60437
82864
-52650
33371
-29280
-53160
78252
78718
57532
-95252
-99808
-11617
-81782
-73235
-17943
-87104
-17521
12147
-34132
3288
-26961
-62206
99786
1370
43930
85749
74182
-1073
98535
49842
61338
-9604
46303
63232
8674
-43581
-77267
2323
76287
61113
1422
-27066
-44415
-26989
-12050
-11706
-7426
-70384
45251
6601
-57927
-89928
44883
36293
-97718
-1232
37660
91149
43514
18466
-18624
-36473
97833
50939
-67665
-55895
69082
-64415
82439
39071
-40706
86149
82258
-37786
61738
85002
14876
46553
25770
40389
-47124
-47374
6490
-26299
-42436
8274
29971
-54253
-58743
70875
-52408
-93773
-84106
-56967
75689
-33279
89229
-5520
-66707
21507
45050
56798
-64539
64512
-59860
57548
92815
16445
58664
22287
65088
-70163
40159
-66904
-66698
-51720
-68180
42555
54118
28032
66076
38511
88459
-81268
84917
-12027
21260
-69373
8062
43473
-33834
-31584
61443
-1424
77636
5823
-23120
-25907
9843
-61501
-38759
-85271
-21628
-75248
-13301
-50344
94238
-16492
-51586
68720
49789
-46343
39756
22756
50881
-1440
-39386
-20252
57939
-238
-89709
60911
-76973
-35621
12621
-64930
-58104
88835
68851
-86658
-86167
-13244
-56297
-48299
6135
64950
-19363
-5624
-38843
-15642
6334
8192
74402
-67359
22393
30481
30866
26890
11702
-32470
-88901
88352
-42361
-48433
-58847
-17779
-48921
77792
43012
5792
-6579
31331
-34431
50794
66847
64906
-13143
-68133
-85325
-63837
-15774
-56194
-65146
62058
-54960
60325
70367
-98387
80276
-79828
55263
43048
93910
-55071
-58576
3321
-31364
64133
-44045
-88123
-25222
-68629
-87499
11658
73119
-15991
94181
84145
97546
-24179
-83428
-88293
32900
57700
43253
-62358
-11236
-781
-17663
-24444
73498
-85541
31798
56475
70700
72806
-18048
-38469
79755
77344
667
-89630
7465
-10941
-76420
33995
-48813
-58255
39560
56876
-18573
-94484
-18385
61382
8753
-84735
4553
15166
83844
97647
23163
39265
-16412
-74138
47391
23385
-6970
70767
-21202
10687
10790
90491
-85570
49179
40069
-10133
8816
-70102
-60104
99420
87315
31187
-74918
-50600
29767
-83798
26821
67969
96564
26863
-11798
-33729
-49644
69611
27835
47279
93747
-58549
-1199
-44472
77266
-18748
-34844
-16653
14580
-83239
24718
25051
43978
11810
-5452
75296
17034
-27070
80488
95859
-45205
85924
-48695
-68176
-6084
-66103
-13628
-63167
54336
-64142
50524
-21176
6700
59899
-51123
78425
-96201
78543
-49361
83626
43026
55526
70454
-59652
21084
-85072
23286
-80509
-66988
-10328
-69844
44541
-61267
80470
-56507
-87428
45784
86975
29324
-73933
18107
-10899
-49245
-29844
-2961
-94428
-14911
48679
40625
-43837
54958
20850
-27447
90083
-82004
-33142
-91979
-24421
-3471
30069
-27464
-41422
1391
66312
-5604
10796
-60360
4649
-86874
90020
-650
88728
84069
-76777
90717
14931
23849
92571
14336
96684
-61162
21355
21340
98561
3125
-16696
-38530
33173
21374
37877
-43247
-62152
87441
-53722
-10558
-25246
-25838
45051
14990
43190
19462
89752
-46519
-27238
-98961
-1980
57632
-65012
-904
-45371
-77216
11073
-14271
66596
62408
-15298
-37159
71740
28492
-95720
14480
-40414
-58450
-97058
43423
98822
93448
39499
-86801
-37008
-9444
45951
-25360
-92801
-56034
50732
50760
14801
84486
45539
-73733
-73556
-58734
11823
34134
66054
-41748
-60807
56292
-61579
84910
-76074
-83700
-12244
46981
-64655
25670
-57468
-66445
72975
-18307
-44582
44613
73970
9370
65216
-26939
-15938
-3391
73214
91310
35239
29719
67692
-80125
-95605
-14355
31381
-39080
2474
77356
60914
-67668
-97750
24865
-83898
-28068
279
37506
-39320
-52082
49763
46285
-55295
63696
84418
85024
49954
69107
-29941
-93337
67805
-38253
-20864
95365
72148
-82042
62804
69334
13063
-3599
77619
-40475
-53352
-74882
-54212
-48340
-25633
54744
-77295
75448
-80556
46587
-95010
-84538
-79023
-86012
-47369
32509
17597
13665
96901
-10071
68066
49694
89817
5985
-4252
-36644
84960
2620
27757
71155
8003
-44464
81381
77371
34964
-45428
43562
77481
-29432
-19247
86458
-86212
-73472
29632
60101
84806
47561
26167
30828
-46163
-4240
20393
65199
-4633
22977
13149
-55604
76636
-7012
-59110
-21175
-12172
-36435
-54588
35284
-68458
-9532
6790
75871
-45467
-35417
33961
8699
-41716
47867
44336
89378
3823
58784
-17087
91510
-80385
37033
-46179
53461
-17153
-48629
41924
-13839
42054
12665
-10616
49176
45710
-2451
60783
-38247
62353
62860
-16691
44228
-26044
-3864
-96159
-41827
-9282
-64528
83493
90593
79800
-13609
61997
-32036
34955
-95113
85904
55895
-15634
-92796
-17643
79005
-74946
48198
33012
20386
54042
59062
-63650
-67386
16119
-90030
78705
74520
-86768
-74158
8649
27560
-77416
89951
59278
-75396
-15247
6635
8869
-40197
-3481
-48056
-23073
77079
-12129
72787
64653
-64027
-33991
80810
90510
68606
-67088
-96876
-79419
4201
-68105
80007
-45947
-95092
-9197
7340
34714
-24844
-67628
535
-1942
-35271
67551
11029
-65766
87562
35980
-47139
72855
-45053
67939
-38430
98782
-32986
-46539
-19069
91565
56005
-64591
-70224
-96604
-45069
96128
32755
-40199
27444
17274
92024
-23747
37872
70488
30178
21591
57657
-63873
-39663
-57030
-92326
22051
4680
62954
-91278
76338
77797
9152
60779
55179
35189
85860
33934
-85171
99286
8944
-75240
78061
14889
-82897
-15686
-24794
-34712
82016
49835
32309
28339
-18815
483
-41969
81409
2129
-15189
24516
94977
-80498
-52877
21861
-90213
31225
-73530
68472
90014
65080
74330
74137
51940
-44442
-62137
30670
84329
80842
-59671
-54422
9317
-51353
-89830
-87181
87015
-60522
-7709
-67722
89128
-29440
95480
-53107
-55633
6518
-57190
91266
19174
62269
-31966
-94113
-95030
41781
-52741
-31940
59550
36260
-58754
3587
-55296
-56136
79844
27929
-83140
-98474
-46548
85653
-23293
-65361
-95501
46025
45711
76608
81934
-90892
-7742
85525
-48674
93005
-54307
-93388
77032
-66954
9464
79326
10011
91155
-13989
-83270
58234
-95606
-3657
58226
-67011
72655
78535
93768
68778
-22001
91770
-70714
-39771
13506
4453
53041
-69721
-69913
36585
3932
-31038
78553
52692
52930
-27725
90741
-8043
12936
-8758
36640
-86983
11118
-62775
-63330
-13725
-62073
88790
-42274
-50669
80851
83156
36489
14610
-79345
-62412
-60440
-20034
-27248
49061
-79905
-84194
-31291
55426
-69595
86665
46861
-51857
79676
85346
63603
-75040
-83635
-38539
-82704
-77507
23223
48946
-26877
-64045
2875
81509
84522
-38684
93847
-51024
-42959
-35185
19331
-36184
81679
1036
36904
24525
-596
5213
85122
-35684
-81910
-17360
95529
35332
30275
32796
75892
-84796
76698
71937
-50287
27458
67895
-66505
-94628
-86817
-79559
-15544
76558
-58179
97942
31918
65313
96077
-75876
25031
-64826
-11409
-73015
23590
85750
-14019
33554
89968
63618
-40161
63313
8650
91364
55490
82788
-21116
-80057
51160
50129
49050
20993
4317
62401
85450
45214
23886
79524
-80271
-66678
-16657
20335
-13053
32677
52261
-35347
17421
99503
-47070
-66509
77225
-94525
-37162
-12150
40092
-4735
14838
-65880
-86452
-65934
-93052
15271
-8876
-79215
-31515
-19530
-58849
-35627
-63395
-55467
10230
59599
-35431
58052
-62163
10251
-24155
93831
20308
2881
83991
-43925
-63708
82645
60644
57054
-76134
57839
26539
49518
81068
-82913
37365
77418
73664
48026
30932
39210
-4550
34843
-69889
-94952
48443
-25059
-10180
-77261
41630
95229
-47447
-43723
66950
97440
76750
70323
-79977
-61786
-88913
18211
38753
-70347
-81469
-22886
-27381
-77930
-74101
24608
-14397
65547
-73189
-84543
53603
6808
48589
-52120
-953
35139
-35628
34885
51901
-44245
47701
-39329
94773
97318
57822
-3940
-81808
14907
38171
-96163
79492
90823
89404
-31658
-83318
39637
-86750
89148
-1559
-83027
56739
-93251
39534
-37676
-42388
11220
-65248
-21160
68928
-65753
-38214
-3941
25426
-56732
-91344
-32026
35122
56670
-92499
-98197
61223
18107
90984
-20109
31542
35490
-81712
-67261
72804
5272
30199
-14422
-94110
8115
48966
-14006
6244
-73284
-45944
-40925
-29271
74499
-80183
-59217
-26328
86027
11721
-56641
-3041
58936
65197
31771
-68699
83512
-64241
-17570
18778
46756
-52712
-98123
62271
27601
90368
-90775
81825
20764
184
-56452
-35476
40188
-49006
40150
23795
41045
42260
66150
-95836
-78044
-94716
-1962
77813
68515
55818
-78320
-93166
85281
37905
61896
-37773
45116
-15033
49203
-58562
7303
-54975
-56874
-17256
33463
16785
12518
-41719
-27964
-54230
-65291
30239
-21676
86453
-51490
-28845
52931
-61013
-10940
39556
-10214
32626
73869
80276
29252
49156
-22796
15931
-44067
79556
35033
57338
-37863
-83339
66683
-36611
17773
39608
6555
62843
-54195
79643
-256
16303
-57190
-19277
20303
-86724
-94454
86828
-28461
-44128
58371
-11930
60994
-57886
-66308
-41558
57316
92978
95872
17923
-86696
71972
-70128
-13076
-73961
-36508
-6951
90213
94556
-12402
-54577
40512
50609
24744
-37938
-95108
26179
-20079
-81526
15421
-43535
-67429
-95054
53533
97419
-35639
-58936
46969
-25374
-25425
-81970
44887
48227
-26675
-77420
1555
89816
18464
65954
51343
-8164
28548
-18258
-30058
86481
67598
-59215
83952
545
-25313
-94436
-44830
92267
5537
66014
-88268
-58410
99883
-43185
29176
-20028
25142
-1813
79958
-47395
60666
8951
25886
8964
85608
98898
-46823
-46793
49278
96452
-84826
84432
-30632
45568
-67630
82693
38800
98644
-86124
88409
-96036
49270
-81932
-21909
-31968
86496
-21354
-29177
35527
-66100
36374
46875
64337
99709
30360
71118
96953
-76171
-21476
38471
-67529
60122
72487
3852
94698
-29264
-67534
36194
-19386
46185
-47443
-59694
26160
-59181
-30149
-66710
64619
-39619
-14906
17429
88856
-38836
90711
49003
-23316
85501
-86106
99424
-16834
-38519
10096
-57835
-56181
-14792
10804
-12729
-60445
78120
-93664
-71890
-50259
-23080
-60833
-50797
42887
-97995
-51652
77580
76881
-19846
19058
78743
66021
-43711
-97094
-90144
83583
-19516
33810
96485
53195
36009
13810
-32795
-28875
70141
-47146
78355
-1181
69401
5859
12221
56626
-91999
-93778
18783
-36697
16168
4273
31995
66341
66554
12070
39716
2996
36699
63085
94908
-13995
-68337
57760
40542
-18526
9939
52866
41145
-85243
-42835
37503
-15897
-2095
-92256
-16180
73249
61185
93668
-67844
97051
53258
-26782
-18881
-98495
-37897
6730
-2093
94353
589
44443
56360
-2098
32991
35602
14950
-46096
-39353
-92129
51314
-46593
-99125
61175
-40618
-83087
60983
-46171
-36854
-48816
17849
-17279
-26807
-9509
81784
-3238
28197
-48921
12990
1284
-82673
34656
48730
9556
20920
-39557
-64544
-19708
-85149
30099
28094
-61424
-30014
31286
51521
68812
20539
-677
-62153
-20685
-99747
-34192
57770
-41555
-33576
37644
60580
76956
3677
-3895
11671
17196
55136
74897
13688
72159
-88415
39911
-99945
-35769
84459
28043
70488
23037
-87071
-4416
-10941
2281
55369
-6439
-70874
83558
-54758
17708
57358
-57191
-52387
73919
-66551
45626
17070
-69939
20997
78807
14880
-67247
68213
38670
89986
44367
36111
-38882
83803
12782
-53980
-92351
87022
18872
-64811
75997
49467
-2554
31435
-40458
-8067
-21273
29137
-35009
-91212
-37712
-72650
-78799
-38464
41061
-73981
-69334
-10124
18048
95753
-14462
80858
-88015
-95186
77735
49675
-53214
12963
87286
98359
97100
22950
67366
-19968
25727
92630
-12947
17289
-18367
73179
28302
51022
8543
12774
24150
8277
-30221
79945
-66314
15523
-31033
12468
-76206
-52431
96142
49095
21440
65468
96618
-12673
-59885
-2549
22935
58071
-60999
71745
47801
36241
-57111
-68338
45925
98709
-85225
25007
11752
44902
39496
13907
89002
-12042
-39447
-71113
59753
39359
24491
58788
5337
48308
-38733
-10535
57452
-90169
44657
70368
86469
40889
8372
-60366
36225
-25562
-73013
62018
48698
-8544
-89267
-15005
20010
67300
-23867
-42834
-23658
-58991
-85017
76198
-10209
-54475
43040
-78349
84343
-30134
-25502
9810
-19871
-39870
38740
-55480
22523
-5387
8907
30248
56501
39658
-88448
-22890
3744
-89671
-74060
71085
68726
41582
57750
38474
-18112
-86332
42717
-77303
60065
34558
-85381
54172
36481
24313
29319
-53286
3083
39994
-93472
25285
40063
-33191
78799
-85599
-99035
42783
40424
58604
2539
65841
-44130
80219
69779
98350
89455
-29818
-51100
20134
60862
-86888
8953
-23301
-93269
-60866
-66318
-65394
-38723
-42250
-27541
-26282
72091
25739
88170
73498
-28874
11590
-58530
-32029
47648
76747
86978
70428
-90713
73188
-17529
42759
74418
47584
45331
70462
-77420
73197
-58600
56030
86726
-52824
-58463
-31131
-27948
64887
-42746
-45588
8703
41318
23028
80129
39666
-97816
-72212
52253
-54869
-98477
-78835
36298
-93311
66931
16667
-56997
-65705
-72094
40337
805
-96330
51951
-2846
95802
-62724
57560
70165
-94758
62025
-63537
90582
-98551
97886
93946
-66357
21687
31109
-11128
48138
62540
-22953
75123
-81531
-43319
-44376
-30493
-18367
52944
24388
-70847
-59120
54293
-80572
10910
-12865
19846
50071
-31949
20430
-48868
-80452
-25559
-21749
-11812
-29740
74215
-62029
69947
-44734
24419
60297
-35258
42381
-38538
-85245
-96516
-21820
63504
71219
-17446
89431
82314
-95721
-6208
-99773
23558
26518
60924
-21914
79076
1377
81447
-45110
-28760
81889
-85436
-25063
54203
3056
-29622
60703
-61992
-67780
-4418
78127
50801
70967
72868
58778
98928
52014
-70141
70602
62587
-10529
-54656
-57489
48964
15194
-83664
12092
64011
44564
96844
50285
46623
-42057
-56429
-6370
-97740
-54742
73644
65584
-18934
82578
61831
27458
-30968
69555
84333
-271
12787
39443
-61968
-68692
-3351
43766
-49925
60111
27211
-99837
-8724
659
-9180
78086
53223
-40504
-86570
-85175
67185
-51983
-59611
-15101
32494
55791
-51675
5347
-66526
10118
19868
-86068
22800
-49689
-99737
26974
83283
-48801
-84689
-42140
11812
15897
-77052
-74802
92804
-15851
-66454
91524
-98060
-24314
82976
-47531
-41578
-39656
-29221
42760
-36055
-92911
-56345
-34910
83543
43668
9282
29832
59815
13265
-24604
95167
25046
-74675
-33345
68683
-85445
35215
26072
-53799
-58149
-36176
11166
64491
-9005
-846
-53481
52576
77202
-6619
-90429
-49301
-76883
-87617
65459
-88311
-96510
-38202
-63629
67770
-62231
9114
88321
-23699
-5949
-96185
-33187
84390
69727
-67564
-91638
-8438
-92299
75965
85710
-49346
35991
20789
-9226
-23092
10248
-84828
16682
68174
62862
43938
-78507
-75790
37822
10857
5534
-28363
46049
97961
80960
-89549
-39961
1918
-58335
-52557
-24225
-34574
-63962
89233
88193
11542
-95986
72759
39880
30227
-99635
92682
-96382
-2096
47483
66248
-42431
83220
1193
-15363
-76517
-90137
-96562
-33513
48091
60782
-87693
77312
-65983
-97242
54274
75613
5097
65544
60325
14685
59790
26660
-16780
-93929
-98590
-62234
68090
67239
-71739
-93634
99114
-55664
-33042
90742
-17112
-49139
38871
-71039
-63054
-48954
14254
-5970
38619
-13786
-17128
48948
44130
-26868
-30549
-91249
-24245
70348
-29220
-69204
87443
-50603
67394
8112
-13191
32639
98127
3968
-80986
-54496
-11550
28947
53842
2958
89169
-29129
51730
58711
71899
-93600
-45851
-47418
-79810
-35656
-89022
-28369
87144
64150
-24608
-5701
74017
-52580
-7303
74451
4948
-22902
94515
84261
-99837
-35181
-53178
1889
53687
1725
26168
82723
-92186
-90561
-70695
55394
-25103
-85505
91097
-41130
-65822
93683
85607
-70946
-24431
-73487
56300
25517
-55904
54065
23222
20575
97069
-48154
-28795
-9636
44478
19536
2317
-66735
47718
71567
-66186
45094
-55054
-23375
-20486
-39677
-43118
-22263
-61432
-64270
-59174
10296
41710
77433
56520
-37502
38552
-94730
-52045
33261
-60691
-61376
-21128
-56134
-10084
90505
-9196
76840
-5203
91722
87747
89463
-8818
7187
58940
-10304
-25246
-83430
-3458
-55662
42220
-86055
-1474
-40118
33443
4735
85349
-93811
23445
45412
39935
70208
81064
89096
-3472
4286
-78227
54788
63293
68603
84369
36282
-77902
71338
50835
27326
81441
-85481
-2116
-56909
22739
54777
-48317
-33122
-32820
81820
-99093
61921
94380
62935
-71866
-8929
31967
77000
51701
70960
51338
9059
79873
-80618
-50363
-29774
67704
58443
-18835
-72200
61545
85097
-32038
-98020
75724
22233
36946
34281
-24248
39022
67130
-30105
61811
78443
99635
99663
-54183
-88561
67141
-7925
-75268
25703
-45970
-49995
-71682
-88109
84790
60459
-99352
-81730
63209
-48209
-29126
2719
8212
88649
73914
51415
-13981
-15926
-72765
85481
-40722
44484
63115
-31049
85252
-90798
17590
24167
-40747
-95686
-69939
-14920
-50501
-8816
59926
68552
-8718
72108
34857
10130
71396
-34577
-80367
76298
97420
-52960
81326
87037
-27864
-75090
-33082
-79438
-2305
-27075
68476
-27484
-78549
-69959
-47970
-47919
34837
86470
7692
45911
55934
68597
-58313
-10155
71424
-72210
17458
-66690
-60075
-82522
-8003
-47233
-12437
-81168
9504
93604
44558
-56739
-91638
81327
81131
-54836
64190
-6389
91005
94953
-64024
-9455
68145
-95705
72877
-43270
-10748
-17304
-62606
51762
69100
76855
32622
95585
-24572
68990
-28618
91942
-8070
26004
-23280
49841
46046
-84580
32211
22241
-46076
68907
-86346
41307
63472
80218
60663
76288
89794
-71819
84856
73193
47857
-69253
-88960
5310
-93140
-92661
69536
-3547
47681
-79757
-41239
-71241
-66161
-7027
91154
13403
-54342
-98282
-60392
89632
12060
84747
84483
-50143
7952
71626
-32254
22499
-70144
-21832
23301
-78259
93985
1380
-23552
-45398
-75839
-46319
-16914
-61724
-84607
99032
-51265
-75281
55309
-84156
38026
-53362
-77994
-38661
59596
79047
64449
-47988
27079
-51344
-95093
-99716
14330
8951
-49844
67051
31155
46613
-6917
25365
-83226
83712
-74878
-32503
89746
-88150
94860
57340
66756
-37336
84709
40915
60103
40707
-33328
-56605
87986
69898
-74618
72952
45369
62372
16102
62243
12900
-34249
66757
-31473
-99947
87423
74919
-17056
-67035
-9402
-68119
50921
-37906
-55579
-73082
19892
32558
41373
-49651
76813
8030
65088
31554
-90795
72629
-43132
89789
-81295
-28004
8950
4242
-71139
-60729
-960
-32924
-2812
-59401
39419
-45914
8287
-81076
-6829
2822
-75886
18809
30789
-83072
-7953
31774
35189
43958
61307
-81203
28302
1006
-64749
70262
-91655
-56314
-45253
-94835
96741
47050
-39450
94606
-96795
-91996
-13685
98435
67454
-45820
-82709
-8573
-94946
-54857
51827
-77417
-1929
-88772
-98892
-96046
-2346
5569
90922
71372
50755
-40026
-72528
41716
-23223
93840
-64132
55416
-19957
686
35444
49828
95870
65642
92168
-87367
58484
79889
44328
11385
-30999
-56247
-45180
-16582
19809
28688
-93531
75794
-30729
55687
9222
42873
-44643
-36334
69346
47062
-73964
-59342
-44060
-94744
90002
20507
-39331
-22352
74881
-54343
-61995
-31234
-88981
-90289
-75752
-36635
97305
-9934
-39572
37929
31636
16877
78296
81020
-49087
-59069
-6547
83221
15049
62660
-37661
-73825
85319
-36663
18017
55828
-49779
62538
98220
61193
27307
1691
-81281
62051
98986
86676
75633
40584
27735
-99800
28034
31
-4463
43400
63696
-7320
-55387
3805
54741
-36619
15738
-83492
-12683
38437
82124
-67306
85455
20450
-9050
6517
45064
58214
-32305
5032
95467
-97068
62677
-80546
-79817
18857
37994
-90056
81277
-31193
3447
79062
73325
-68916
-75962
50628
-95584
-33531
-58733
81993
66422
24376
-42156
-53002
57262
62189
-41477
8458
1884
-39511
2060
22938
-61286
38822
-16570
67624
-20792
60891
74133
-32914
58295
-89534
-45976
27272
-63700
-21090
-36563
-28727
62802
1490
-71088
-73680
-57210
-9070
88356
35764
-27129
28943
9914
6595
98712
-94012
-1658
-5133
-2935
-59226
35280
-35487
65766
-6960
25499
32592
12286
-37325
-19438
-97728
-35840
51012
32899
26018
-2655
85862
-64485
63926
-15785
25946
53447
-39348
-954
-69575
87272
21592
-81836
68979
-56513
-95339
60030
10938
-35927
2158
63947
34353
20366
55230
-10979
56850
97589
-60935
18896
38708
-43402
15958
54765
-30779
-6610
-95635
-31711
1482
91056
-74516
83110
87572
-78604
44030
-36169
18811
66262
-25691
-10713
-87289
27138
53150
-55335
76706
21761
-70229
-20663
-2398
-87531
-47930
-20698
78797
51790
61630
97925
52545
42944
70452
-3404
-66047
-25885
44779
-82641
-71683
-67185
94085
37988
14543
-65634
48841
-26334
-54434
18381
-19187
85089
2865
53503
-3744
31797
-49626
72680
-29181
-1549
44886
-18540
-60736
81228
43285
95223
-18173
-3365
-76038
4111
-38897
-50871
15440
62397
-64650
-79613
-60452
24138
74658
21872
-35833
-88933
5772
-98537
-53665
49301
22330
-34616
88329
98392
-45923
36159
-22282
-87199
-11784
-11379
43771
94302
60751
-66586
20457
-75977
-32339
37004
-67869
-73297
2434
47429
26947
-38306
-59832
-14075
-20140
-84610
30240
-48195
9183
-19949
76058
-72548
-29255
-26851
75677
34151
76063
47278
383
-94544
97941
-97489
96429
81021
32149
-49619
84806
-36519
-73127
-6873
97910
-47266
63898
-57193
-62068
4375
-25853
81483
-34239
3057
34305
-67426
61704
-66089
17549
77799
-4289
-73722
-751
45109
85058
83887
-93656
34353
4556
-76734
-14926
78742
11900
-35680
-58599
-28091
-19501
-73782
7649
-82128
65890
-52342
-6154
18111
-97137
44648
27803
83276
36487
20672
-1474
-61235
-27359
66662
-77187
-35958
-84064
-33890
35989
87309
99115
34098
87423
23820
44902
61560
-72987
58455
46095
-85888
-71743
-60137
5100
54779
-14937
27455
26621
-81758
95882
91487
71096
-790
-8502
73413
77792
34723
53956
5551
-42940
-45205
32770
33987
-36496
70611
95848
59918
87814
-70563
-43864
59929
-9501
11050
91956
27091
38462
-88587
96954
57301
-12056
43647
61161
34275
69377
37818
93196
6103
-93847
-7056
-81704
-37431
-2030
30527
-3397
-59792
12119
-2038
56750
-93928
-54225
-21650
-63480
-41450
-94474
89015
-58766
78837
2074
61298
94876
33849
-99451
-84764
79430
-45812
-87223
-72414
76204
-63066
-17919
-74477
99722
-18053
86681
-71013
20203
84335
-79673
-13560
55216
57233
-45962
62285
91292
12292
-90298
-41590
24225
-19950
-65792
-48504
-96142
-86987
28578
43230
67768
-21956
-89374
-35023
80516
45287
39072
44982
-13918
-45980
-49432
59489
66868
-41293
71815
73189
36720
-42800
-57378
-63492
18876
68424
-49938
-42107
47667
-91533
-52824
9231
-85895
-29345
-62714
27653
-81261
99510
98073
88105
-56383
5842
-32394
-73346
-44293
18030
27267
2386
-33729
-64177
-8312
-61615
71612
-40092
-78338
-98246
-75370
-77223
70413
86870
-75591
-59434
92729
-82387
9988
53675
-52296
-98736
-62141
42467
74818
6234
41590
2519
-29282
87554
45646
11385
-27133
-42281
-16434
-8035
-3098
-30708
74021
-84245
14544
-35426
-64977
-50908
-74946
87149
-85999
-87256
-23524
18400
-53449
39692
40338
-33731
-23860
17938
-37630
-74841
-31168
43595
979
-49064
52867
-44468
42538
-74534
37210
-7593
-72174
-18775
-60459
-57188
21029